 ------- BEAMDYN V1.00.* INDIVIDUAL BLADE INPUT FILE --------------------------
 Test Format 1
 ---------------------- BLADE PARAMETERS --------------------------------------
39   station_total    - Number of blade input stations (-)
 1   damp_type        - Damping type: 0: no damping; 1: damped
  ---------------------- DAMPING COEFFICIENT------------------------------------
   mu1        mu2        mu3        mu4        mu5        mu6
   (-)        (-)        (-)        (-)        (-)        (-)
	2.93180e-03 	2.32101e-03 	7.57881e-04 	2.32101e-03 	2.93180e-03 	7.57881e-04 
 ---------------------- DISTRIBUTED PROPERTIES---------------------------------
	 0.000000 
	 7.3942828462053518e+09 	 2.3642507295983465e+05 	 0.0000000000000000e+00 	 0.0000000000000000e+00 	 0.0000000000000000e+00 	 2.1311038438121137e+08
	 2.3642507306356417e+05 	 7.3943096074349575e+09 	 0.0000000000000000e+00 	 0.0000000000000000e+00 	 0.0000000000000000e+00 	 -1.8957983659732530e+06
	 0.0000000000000000e+00 	 0.0000000000000000e+00 	 5.0539144045693817e+10 	 -1.4601914477354968e+09 	 6.6495455861617476e+06 	 0.0000000000000000e+00
	 0.0000000000000000e+00 	 0.0000000000000000e+00 	 -1.4601914477371271e+09 	 2.0507712534409497e+11 	 8.4559768253674638e+06 	 0.0000000000000000e+00
	 0.0000000000000000e+00 	 0.0000000000000000e+00 	 6.6495455848655775e+06 	 8.4559768266597409e+06 	 2.0503371396610434e+11 	 0.0000000000000000e+00
	 2.1311038438120741e+08 	 -1.8957983659772272e+06 	 0.0000000000000000e+00 	 0.0000000000000000e+00 	 0.0000000000000000e+00 	 1.1992740911901697e+11

	 3.4929327550254698e+03 	 0.0000000000000000e+00 	 0.0000000000000000e+00 	 0.0000000000000000e+00 	 0.0000000000000000e+00 	 1.0083530039371641e+02
	 0.0000000000000000e+00 	 3.4929327550254698e+03 	 0.0000000000000000e+00 	 0.0000000000000000e+00 	 0.0000000000000000e+00 	 -2.7157576915535553e-01
	 0.0000000000000000e+00 	 0.0000000000000000e+00 	 3.4929327550254698e+03 	 -1.0083530039371641e+02 	 2.7157576915535553e-01 	 0.0000000000000000e+00
	 0.0000000000000000e+00 	 0.0000000000000000e+00 	 -1.0083530039371641e+02 	 1.4176329759336455e+04 	 5.8954946242424297e-02 	 0.0000000000000000e+00
	 0.0000000000000000e+00 	 0.0000000000000000e+00 	 2.7157576915535553e-01 	 5.8954946242424297e-02 	 1.4172772202651024e+04 	 0.0000000000000000e+00
	 1.0083530039371641e+02 	 -2.7157576915535553e-01 	 0.0000000000000000e+00 	 0.0000000000000000e+00 	 0.0000000000000000e+00 	 2.8349101961987439e+04

	 0.020000 
	 7.3942828044633665e+09 	 2.3641073635683217e+05 	 0.0000000000000000e+00 	 0.0000000000000000e+00 	 0.0000000000000000e+00 	 -4.2375914509469306e+08
	 2.3641073590609309e+05 	 7.3943096082477102e+09 	 0.0000000000000000e+00 	 0.0000000000000000e+00 	 0.0000000000000000e+00 	 -1.9162495018236262e+06
	 0.0000000000000000e+00 	 0.0000000000000000e+00 	 5.0539143904941673e+10 	 2.8927446897807188e+09 	 6.6501326780476728e+06 	 0.0000000000000000e+00
	 0.0000000000000000e+00 	 0.0000000000000000e+00 	 2.8927446897822857e+09 	 2.0520051012536298e+11 	 9.0291093238183986e+06 	 0.0000000000000000e+00
	 0.0000000000000000e+00 	 0.0000000000000000e+00 	 6.6501326796207707e+06 	 9.0291093267249595e+06 	 2.0503371165873376e+11 	 0.0000000000000000e+00
	 -4.2375914509469342e+08 	 -1.9162495018461696e+06 	 0.0000000000000000e+00 	 0.0000000000000000e+00 	 0.0000000000000000e+00 	 1.1994555132393811e+11

	 3.4929327451321524e+03 	 0.0000000000000000e+00 	 0.0000000000000000e+00 	 0.0000000000000000e+00 	 0.0000000000000000e+00 	 -2.0001097421236679e+02
	 0.0000000000000000e+00 	 3.4929327451321524e+03 	 0.0000000000000000e+00 	 0.0000000000000000e+00 	 0.0000000000000000e+00 	 -2.7161625795527539e-01
	 0.0000000000000000e+00 	 0.0000000000000000e+00 	 3.4929327451321524e+03 	 2.0001097421236679e+02 	 2.7161625795527539e-01 	 0.0000000000000000e+00
	 0.0000000000000000e+00 	 0.0000000000000000e+00 	 2.0001097421236679e+02 	 1.4184871688522309e+04 	 8.2374288588770508e-02 	 0.0000000000000000e+00
	 0.0000000000000000e+00 	 0.0000000000000000e+00 	 2.7161625795527539e-01 	 8.2374288588770508e-02 	 1.4172772042203012e+04 	 0.0000000000000000e+00
	 -2.0001097421236679e+02 	 -2.7161625795527539e-01 	 0.0000000000000000e+00 	 0.0000000000000000e+00 	 0.0000000000000000e+00 	 2.8357643730725340e+04

	 0.050000 
	 3.1354769643272405e+09 	 6.7507331688005552e+07 	 0.0000000000000000e+00 	 0.0000000000000000e+00 	 0.0000000000000000e+00 	 3.3048064907253098e+08
	 6.7507331688242823e+07 	 3.9931322172843661e+09 	 0.0000000000000000e+00 	 0.0000000000000000e+00 	 0.0000000000000000e+00 	 3.1636688550138777e+08
	 0.0000000000000000e+00 	 0.0000000000000000e+00 	 2.5450722601424244e+10 	 2.8304131077215595e+09 	 -9.3701000451465607e+08 	 0.0000000000000000e+00
	 0.0000000000000000e+00 	 0.0000000000000000e+00 	 2.8304131077201495e+09 	 1.1208145417014890e+11 	 -2.0549012108216631e+09 	 0.0000000000000000e+00
	 0.0000000000000000e+00 	 0.0000000000000000e+00 	 -9.3701000451165581e+08 	 -2.0549012108170772e+09 	 8.7205255605036697e+10 	 0.0000000000000000e+00
	 3.3048064907303560e+08 	 3.1636688550146717e+08 	 0.0000000000000000e+00 	 0.0000000000000000e+00 	 0.0000000000000000e+00 	 5.3804324261458023e+10

	 1.7678413128006462e+03 	 0.0000000000000000e+00 	 0.0000000000000000e+00 	 0.0000000000000000e+00 	 0.0000000000000000e+00 	 -1.9648556649507992e+02
	 0.0000000000000000e+00 	 1.7678413128006462e+03 	 0.0000000000000000e+00 	 0.0000000000000000e+00 	 0.0000000000000000e+00 	 6.5391099154278166e+01
	 0.0000000000000000e+00 	 0.0000000000000000e+00 	 1.7678413128006462e+03 	 1.9648556649507992e+02 	 -6.5391099154278166e+01 	 0.0000000000000000e+00
	 0.0000000000000000e+00 	 0.0000000000000000e+00 	 1.9648556649507992e+02 	 7.7869623011283593e+03 	 -1.4284563317585150e+02 	 0.0000000000000000e+00
	 0.0000000000000000e+00 	 0.0000000000000000e+00 	 -6.5391099154278166e+01 	 -1.4284563317585150e+02 	 6.0582022894759948e+03 	 0.0000000000000000e+00
	 -1.9648556649507992e+02 	 6.5391099154278166e+01 	 0.0000000000000000e+00 	 0.0000000000000000e+00 	 0.0000000000000000e+00 	 1.3845164590604349e+04

	 0.080000 
	 1.8001058595970862e+09 	 1.9423404068714598e+08 	 0.0000000000000000e+00 	 0.0000000000000000e+00 	 0.0000000000000000e+00 	 -5.6955109366320682e+08
	 1.9423404068828005e+08 	 2.8727992464246130e+09 	 0.0000000000000000e+00 	 0.0000000000000000e+00 	 0.0000000000000000e+00 	 -8.2855681165242851e+07
	 0.0000000000000000e+00 	 0.0000000000000000e+00 	 3.2998020120604473e+10 	 1.1443560948824049e+10 	 1.8948518332978032e+09 	 0.0000000000000000e+00
	 0.0000000000000000e+00 	 0.0000000000000000e+00 	 1.1443560948825863e+10 	 1.0835797553604088e+11 	 -4.5643815045333847e+10 	 0.0000000000000000e+00
	 0.0000000000000000e+00 	 0.0000000000000000e+00 	 1.8948518332986970e+09 	 -4.5643815045332581e+10 	 1.1075098825309407e+11 	 0.0000000000000000e+00
	 -5.6955109366388237e+08 	 -8.2855681165018469e+07 	 0.0000000000000000e+00 	 0.0000000000000000e+00 	 0.0000000000000000e+00 	 2.7030517536738846e+10

	 1.3314105584913318e+03 	 0.0000000000000000e+00 	 0.0000000000000000e+00 	 0.0000000000000000e+00 	 0.0000000000000000e+00 	 -5.3800647816579044e+02
	 0.0000000000000000e+00 	 1.3314105584913318e+03 	 0.0000000000000000e+00 	 0.0000000000000000e+00 	 0.0000000000000000e+00 	 -2.9091218681413714e+01
	 0.0000000000000000e+00 	 0.0000000000000000e+00 	 1.3314105584913318e+03 	 5.3800647816579044e+02 	 2.9091218681413714e+01 	 0.0000000000000000e+00
	 0.0000000000000000e+00 	 0.0000000000000000e+00 	 5.3800647816579044e+02 	 5.3892128596171960e+03 	 -6.5079661478521780e+02 	 0.0000000000000000e+00
	 0.0000000000000000e+00 	 0.0000000000000000e+00 	 2.9091218681413714e+01 	 -6.5079661478521780e+02 	 3.4940069466737750e+03 	 0.0000000000000000e+00
	 -5.3800647816579044e+02 	 -2.9091218681413714e+01 	 0.0000000000000000e+00 	 0.0000000000000000e+00 	 0.0000000000000000e+00 	 8.8832198062910284e+03

	 0.100000 
	 1.2596509170811348e+09 	 2.0972329159902495e+08 	 0.0000000000000000e+00 	 0.0000000000000000e+00 	 0.0000000000000000e+00 	 -4.5532144233348215e+08
	 2.0972329159960011e+08 	 2.4328689237917352e+09 	 0.0000000000000000e+00 	 0.0000000000000000e+00 	 0.0000000000000000e+00 	 -3.1956275013131790e+07
	 0.0000000000000000e+00 	 0.0000000000000000e+00 	 3.5811148064965294e+10 	 1.4199764364052664e+10 	 1.1723144083835003e+09 	 0.0000000000000000e+00
	 0.0000000000000000e+00 	 0.0000000000000000e+00 	 1.4199764364049919e+10 	 1.1672282841320561e+11 	 -4.6741663662720497e+10 	 0.0000000000000000e+00
	 0.0000000000000000e+00 	 0.0000000000000000e+00 	 1.1723144083830197e+09 	 -4.6741663662723541e+10 	 1.0003446943358646e+11 	 0.0000000000000000e+00
	 -4.5532144233393538e+08 	 -3.1956275012718562e+07 	 0.0000000000000000e+00 	 0.0000000000000000e+00 	 0.0000000000000000e+00 	 1.8335750713100986e+10

	 1.2289338605164239e+03 	 0.0000000000000000e+00 	 0.0000000000000000e+00 	 0.0000000000000000e+00 	 0.0000000000000000e+00 	 -5.4194462438631786e+02
	 0.0000000000000000e+00 	 1.2289338605164239e+03 	 0.0000000000000000e+00 	 0.0000000000000000e+00 	 0.0000000000000000e+00 	 -1.2634596590489249e+01
	 0.0000000000000000e+00 	 0.0000000000000000e+00 	 1.2289338605164239e+03 	 5.4194462438631786e+02 	 1.2634596590489249e+01 	 0.0000000000000000e+00
	 0.0000000000000000e+00 	 0.0000000000000000e+00 	 5.4194462438631786e+02 	 5.0945357128060359e+03 	 -6.1119497855454858e+02 	 0.0000000000000000e+00
	 0.0000000000000000e+00 	 0.0000000000000000e+00 	 1.2634596590489249e+01 	 -6.1119497855454858e+02 	 2.6415545585240866e+03 	 0.0000000000000000e+00
	 -5.4194462438631786e+02 	 -1.2634596590489249e+01 	 0.0000000000000000e+00 	 0.0000000000000000e+00 	 0.0000000000000000e+00 	 7.7360902713301057e+03

	 0.125000 
	 8.7927526607011259e+08 	 2.2064622966789460e+08 	 0.0000000000000000e+00 	 0.0000000000000000e+00 	 0.0000000000000000e+00 	 -3.5035689280194455e+08
	 2.2064622966752979e+08 	 1.9116076844257915e+09 	 0.0000000000000000e+00 	 0.0000000000000000e+00 	 0.0000000000000000e+00 	 9.6280928647572659e+06
	 0.0000000000000000e+00 	 0.0000000000000000e+00 	 3.8486012001476852e+10 	 1.8255595250181549e+10 	 4.7566751231667888e+08 	 0.0000000000000000e+00
	 0.0000000000000000e+00 	 0.0000000000000000e+00 	 1.8255595250180492e+10 	 1.1947285494631100e+11 	 -4.0518575084819641e+10 	 0.0000000000000000e+00
	 0.0000000000000000e+00 	 0.0000000000000000e+00 	 4.7566751231562221e+08 	 -4.0518575084821129e+10 	 8.6004725622701965e+10 	 0.0000000000000000e+00
	 -3.5035689280223638e+08 	 9.6280928636905067e+06 	 0.0000000000000000e+00 	 0.0000000000000000e+00 	 0.0000000000000000e+00 	 1.1710185906157118e+10

	 1.0944636352023817e+03 	 0.0000000000000000e+00 	 0.0000000000000000e+00 	 0.0000000000000000e+00 	 0.0000000000000000e+00 	 -5.7407329459091443e+02
	 0.0000000000000000e+00 	 1.0944636352023817e+03 	 0.0000000000000000e+00 	 0.0000000000000000e+00 	 0.0000000000000000e+00 	 -1.3647927205009185e+00
	 0.0000000000000000e+00 	 0.0000000000000000e+00 	 1.0944636352023817e+03 	 5.7407329459091443e+02 	 1.3647927205009185e+00 	 0.0000000000000000e+00
	 0.0000000000000000e+00 	 0.0000000000000000e+00 	 5.7407329459091443e+02 	 4.4640040874671813e+03 	 -5.1689031721729316e+02 	 0.0000000000000000e+00
	 0.0000000000000000e+00 	 0.0000000000000000e+00 	 1.3647927205009185e+00 	 -5.1689031721729316e+02 	 1.8836880894215428e+03 	 0.0000000000000000e+00
	 -5.7407329459091443e+02 	 -1.3647927205009185e+00 	 0.0000000000000000e+00 	 0.0000000000000000e+00 	 0.0000000000000000e+00 	 6.3476921768887059e+03

	 0.150000 
	 6.5024198984528136e+08 	 1.8475390045011976e+08 	 0.0000000000000000e+00 	 0.0000000000000000e+00 	 0.0000000000000000e+00 	 -2.0177994921829978e+08
	 1.8475390045011395e+08 	 1.4496765006673422e+09 	 0.0000000000000000e+00 	 0.0000000000000000e+00 	 0.0000000000000000e+00 	 3.9696229979645573e+07
	 0.0000000000000000e+00 	 0.0000000000000000e+00 	 3.8755491583522926e+10 	 1.8369916928192516e+10 	 1.5637831988851193e+08 	 0.0000000000000000e+00
	 0.0000000000000000e+00 	 0.0000000000000000e+00 	 1.8369916928193966e+10 	 1.0977307079919267e+11 	 -2.8509965818631283e+10 	 0.0000000000000000e+00
	 0.0000000000000000e+00 	 0.0000000000000000e+00 	 1.5637831989041445e+08 	 -2.8509965818630314e+10 	 6.8726112213975723e+10 	 0.0000000000000000e+00
	 -2.0177994921837157e+08 	 3.9696229979095779e+07 	 0.0000000000000000e+00 	 0.0000000000000000e+00 	 0.0000000000000000e+00 	 7.1028111155372381e+09

	 9.6863484475841813e+02 	 0.0000000000000000e+00 	 0.0000000000000000e+00 	 0.0000000000000000e+00 	 0.0000000000000000e+00 	 -5.3427754860805317e+02
	 0.0000000000000000e+00 	 9.6863484475841813e+02 	 0.0000000000000000e+00 	 0.0000000000000000e+00 	 0.0000000000000000e+00 	 1.1735245301120440e+01
	 0.0000000000000000e+00 	 0.0000000000000000e+00 	 9.6863484475841813e+02 	 5.3427754860805317e+02 	 -1.1735245301120440e+01 	 0.0000000000000000e+00
	 0.0000000000000000e+00 	 0.0000000000000000e+00 	 5.3427754860805317e+02 	 3.7825547198618165e+03 	 -3.7126049265426013e+02 	 0.0000000000000000e+00
	 0.0000000000000000e+00 	 0.0000000000000000e+00 	 -1.1735245301120440e+01 	 -3.7126049265426013e+02 	 1.3163187408891683e+03 	 0.0000000000000000e+00
	 -5.3427754860805317e+02 	 1.1735245301120440e+01 	 0.0000000000000000e+00 	 0.0000000000000000e+00 	 0.0000000000000000e+00 	 5.0988734607509959e+03

	 0.175000 
	 5.3171550397797310e+08 	 1.4815903184665096e+08 	 0.0000000000000000e+00 	 0.0000000000000000e+00 	 0.0000000000000000e+00 	 -1.3998158121037823e+08
	 1.4815903184652874e+08 	 1.0849886553926599e+09 	 0.0000000000000000e+00 	 0.0000000000000000e+00 	 0.0000000000000000e+00 	 5.2482159587789223e+07
	 0.0000000000000000e+00 	 0.0000000000000000e+00 	 3.7255101769634552e+10 	 1.8518387120469002e+10 	 1.6647641579463655e+08 	 0.0000000000000000e+00
	 0.0000000000000000e+00 	 0.0000000000000000e+00 	 1.8518387120467453e+10 	 1.0254558013835382e+11 	 -2.0970757443179928e+10 	 0.0000000000000000e+00
	 0.0000000000000000e+00 	 0.0000000000000000e+00 	 1.6647641579390028e+08 	 -2.0970757443180073e+10 	 5.7672744657190407e+10 	 0.0000000000000000e+00
	 -1.3998158121019638e+08 	 5.2482159587460577e+07 	 0.0000000000000000e+00 	 0.0000000000000000e+00 	 0.0000000000000000e+00 	 4.6560016919790239e+09

	 8.6312469740341010e+02 	 0.0000000000000000e+00 	 0.0000000000000000e+00 	 0.0000000000000000e+00 	 0.0000000000000000e+00 	 -5.0429637068425973e+02
	 0.0000000000000000e+00 	 8.6312469740341010e+02 	 0.0000000000000000e+00 	 0.0000000000000000e+00 	 0.0000000000000000e+00 	 1.8097075929458217e+01
	 0.0000000000000000e+00 	 0.0000000000000000e+00 	 8.6312469740341010e+02 	 5.0429637068425973e+02 	 -1.8097075929458217e+01 	 0.0000000000000000e+00
	 0.0000000000000000e+00 	 0.0000000000000000e+00 	 5.0429637068425973e+02 	 3.2973849872581632e+03 	 -2.8563650581824811e+02 	 0.0000000000000000e+00
	 0.0000000000000000e+00 	 0.0000000000000000e+00 	 -1.8097075929458217e+01 	 -2.8563650581824811e+02 	 1.0162365721311726e+03 	 0.0000000000000000e+00
	 -5.0429637068425973e+02 	 1.8097075929458217e+01 	 0.0000000000000000e+00 	 0.0000000000000000e+00 	 0.0000000000000000e+00 	 4.3136215593893257e+03

	 0.200000 
	 4.6760993229539818e+08 	 1.2091350905502957e+08 	 0.0000000000000000e+00 	 0.0000000000000000e+00 	 0.0000000000000000e+00 	 -1.1538253232065925e+08
	 1.2091350905502516e+08 	 8.0787089195300055e+08 	 0.0000000000000000e+00 	 0.0000000000000000e+00 	 0.0000000000000000e+00 	 4.4274476161196068e+07
	 0.0000000000000000e+00 	 0.0000000000000000e+00 	 3.6172908772274612e+10 	 1.7995736999993137e+10 	 2.8930611068486426e+07 	 0.0000000000000000e+00
	 0.0000000000000000e+00 	 0.0000000000000000e+00 	 1.7995736999993839e+10 	 9.7467862510832489e+10 	 -1.6960010015278053e+10 	 0.0000000000000000e+00
	 0.0000000000000000e+00 	 0.0000000000000000e+00 	 2.8930611067465894e+07 	 -1.6960010015278133e+10 	 5.2979529544858742e+10 	 0.0000000000000000e+00
	 -1.1538253232055485e+08 	 4.4274476161292560e+07 	 0.0000000000000000e+00 	 0.0000000000000000e+00 	 0.0000000000000000e+00 	 3.3662044039162059e+09

	 7.8654005169263723e+02 	 0.0000000000000000e+00 	 0.0000000000000000e+00 	 0.0000000000000000e+00 	 0.0000000000000000e+00 	 -4.6486081044234010e+02
	 0.0000000000000000e+00 	 7.8654005169263723e+02 	 0.0000000000000000e+00 	 0.0000000000000000e+00 	 0.0000000000000000e+00 	 1.7646261066232015e+01
	 0.0000000000000000e+00 	 0.0000000000000000e+00 	 7.8654005169263723e+02 	 4.6486081044234010e+02 	 -1.7646261066232015e+01 	 0.0000000000000000e+00
	 0.0000000000000000e+00 	 0.0000000000000000e+00 	 4.6486081044234010e+02 	 2.9086213123414223e+03 	 -2.3654617207815926e+02 	 0.0000000000000000e+00
	 0.0000000000000000e+00 	 0.0000000000000000e+00 	 -1.7646261066232015e+01 	 -2.3654617207815926e+02 	 8.7609987582202211e+02 	 0.0000000000000000e+00
	 -4.6486081044234010e+02 	 1.7646261066232015e+01 	 0.0000000000000000e+00 	 0.0000000000000000e+00 	 0.0000000000000000e+00 	 3.7847211881634375e+03

	 0.250000 
	 3.9601383039627850e+08 	 6.5289086119635276e+07 	 0.0000000000000000e+00 	 0.0000000000000000e+00 	 0.0000000000000000e+00 	 -6.9813111783347771e+07
	 6.5289086119203858e+07 	 6.0778480120712030e+08 	 0.0000000000000000e+00 	 0.0000000000000000e+00 	 0.0000000000000000e+00 	 5.9188511421833605e+07
	 0.0000000000000000e+00 	 0.0000000000000000e+00 	 3.4578061589777542e+10 	 1.5861270669680834e+10 	 -1.0910379857740499e+08 	 0.0000000000000000e+00
	 0.0000000000000000e+00 	 0.0000000000000000e+00 	 1.5861270669681810e+10 	 8.5083085588479950e+10 	 -8.8150742692527962e+09 	 0.0000000000000000e+00
	 0.0000000000000000e+00 	 0.0000000000000000e+00 	 -1.0910379857886767e+08 	 -8.8150742692515259e+09 	 4.2542067004450829e+10 	 0.0000000000000000e+00
	 -6.9813111783090025e+07 	 5.9188511420819744e+07 	 0.0000000000000000e+00 	 0.0000000000000000e+00 	 0.0000000000000000e+00 	 2.1356115610921063e+09

	 7.0599312532339911e+02 	 0.0000000000000000e+00 	 0.0000000000000000e+00 	 0.0000000000000000e+00 	 0.0000000000000000e+00 	 -4.0701066663386115e+02
	 0.0000000000000000e+00 	 7.0599312532339911e+02 	 0.0000000000000000e+00 	 0.0000000000000000e+00 	 0.0000000000000000e+00 	 1.8537447273685604e+01
	 0.0000000000000000e+00 	 0.0000000000000000e+00 	 7.0599312532339911e+02 	 4.0701066663386115e+02 	 -1.8537447273685604e+01 	 0.0000000000000000e+00
	 0.0000000000000000e+00 	 0.0000000000000000e+00 	 4.0701066663386115e+02 	 2.4232176341235909e+03 	 -1.3963499126953695e+02 	 0.0000000000000000e+00
	 0.0000000000000000e+00 	 0.0000000000000000e+00 	 -1.8537447273685604e+01 	 -1.3963499126953695e+02 	 6.5917337055270423e+02 	 0.0000000000000000e+00
	 -4.0701066663386115e+02 	 1.8537447273685604e+01 	 0.0000000000000000e+00 	 0.0000000000000000e+00 	 0.0000000000000000e+00 	 3.0823910046762940e+03

	 0.275000 
	 3.7426302183473092e+08 	 5.7241419379830703e+07 	 0.0000000000000000e+00 	 0.0000000000000000e+00 	 0.0000000000000000e+00 	 -5.8235491746313758e+07
	 5.7241418847150706e+07 	 5.6010263095228779e+08 	 0.0000000000000000e+00 	 0.0000000000000000e+00 	 0.0000000000000000e+00 	 4.7092498528240941e+07
	 0.0000000000000000e+00 	 0.0000000000000000e+00 	 3.4074797647376938e+10 	 1.5487485900445230e+10 	 7.8030159480517983e+07 	 0.0000000000000000e+00
	 0.0000000000000000e+00 	 0.0000000000000000e+00 	 1.5487485914675684e+10 	 8.2512732532658203e+10 	 -7.3243820411253138e+09 	 0.0000000000000000e+00
	 0.0000000000000000e+00 	 0.0000000000000000e+00 	 7.8030157760437533e+07 	 -7.3243820263990183e+09 	 3.8588491433203033e+10 	 0.0000000000000000e+00
	 -5.8235491806446314e+07 	 4.7092498445828415e+07 	 0.0000000000000000e+00 	 0.0000000000000000e+00 	 0.0000000000000000e+00 	 1.8558787812762740e+09

	 6.8132991548249686e+02 	 0.0000000000000000e+00 	 0.0000000000000000e+00 	 0.0000000000000000e+00 	 0.0000000000000000e+00 	 -3.9402981261578839e+02
	 0.0000000000000000e+00 	 6.8132991548249686e+02 	 0.0000000000000000e+00 	 0.0000000000000000e+00 	 0.0000000000000000e+00 	 1.2212411373107477e+01
	 0.0000000000000000e+00 	 0.0000000000000000e+00 	 6.8132991548249686e+02 	 3.9402981261578839e+02 	 -1.2212411373107477e+01 	 0.0000000000000000e+00
	 0.0000000000000000e+00 	 0.0000000000000000e+00 	 3.9402981261578839e+02 	 2.2621975592025715e+03 	 -1.1769577148398345e+02 	 0.0000000000000000e+00
	 0.0000000000000000e+00 	 0.0000000000000000e+00 	 -1.2212411373107477e+01 	 -1.1769577148398345e+02 	 5.8852489626891895e+02 	 0.0000000000000000e+00
	 -3.9402981261578839e+02 	 1.2212411373107477e+01 	 0.0000000000000000e+00 	 0.0000000000000000e+00 	 0.0000000000000000e+00 	 2.8507224554715008e+03

	 0.300000 
	 3.5127206907849109e+08 	 4.9784650002271853e+07 	 0.0000000000000000e+00 	 0.0000000000000000e+00 	 0.0000000000000000e+00 	 -4.6959749605227053e+07
	 4.9784649891541883e+07 	 5.3258078528621036e+08 	 0.0000000000000000e+00 	 0.0000000000000000e+00 	 0.0000000000000000e+00 	 3.6020201234959029e+07
	 0.0000000000000000e+00 	 0.0000000000000000e+00 	 3.3504064612585423e+10 	 1.5010973337742418e+10 	 3.1348688157541370e+08 	 0.0000000000000000e+00
	 0.0000000000000000e+00 	 0.0000000000000000e+00 	 1.5010973333955519e+10 	 7.8063967351372360e+10 	 -5.9004145449769697e+09 	 0.0000000000000000e+00
	 0.0000000000000000e+00 	 0.0000000000000000e+00 	 3.1348688220084059e+08 	 -5.9004145437175655e+09 	 3.3857273795904976e+10 	 0.0000000000000000e+00
	 -4.6959749616535805e+07 	 3.6020201203981683e+07 	 0.0000000000000000e+00 	 0.0000000000000000e+00 	 0.0000000000000000e+00 	 1.6057164537641482e+09

	 6.5722065407054743e+02 	 0.0000000000000000e+00 	 0.0000000000000000e+00 	 0.0000000000000000e+00 	 0.0000000000000000e+00 	 -3.7773662890394644e+02
	 0.0000000000000000e+00 	 6.5722065407054743e+02 	 0.0000000000000000e+00 	 0.0000000000000000e+00 	 0.0000000000000000e+00 	 5.6570049451483264e+00
	 0.0000000000000000e+00 	 0.0000000000000000e+00 	 6.5722065407054743e+02 	 3.7773662890394644e+02 	 -5.6570049451483264e+00 	 0.0000000000000000e+00
	 0.0000000000000000e+00 	 0.0000000000000000e+00 	 3.7773662890394644e+02 	 2.0730944100551242e+03 	 -9.6573863691283123e+01 	 0.0000000000000000e+00
	 0.0000000000000000e+00 	 0.0000000000000000e+00 	 -5.6570049451483264e+00 	 -9.6573863691283123e+01 	 5.0965825136130491e+02 	 0.0000000000000000e+00
	 -3.7773662890394644e+02 	 5.6570049451483264e+00 	 0.0000000000000000e+00 	 0.0000000000000000e+00 	 0.0000000000000000e+00 	 2.5827526614164258e+03

	 0.325000 
	 3.2448961076411635e+08 	 4.1905763675955907e+07 	 0.0000000000000000e+00 	 0.0000000000000000e+00 	 0.0000000000000000e+00 	 -3.6883013261476867e+07
	 4.1905763676085986e+07 	 5.0722100508897853e+08 	 0.0000000000000000e+00 	 0.0000000000000000e+00 	 0.0000000000000000e+00 	 2.6137370052113537e+07
	 0.0000000000000000e+00 	 0.0000000000000000e+00 	 3.2661925391846020e+10 	 1.4390796340574566e+10 	 5.9928640610843742e+08 	 0.0000000000000000e+00
	 0.0000000000000000e+00 	 0.0000000000000000e+00 	 1.4390796340573359e+10 	 7.1469355392592804e+10 	 -4.5239035588343611e+09 	 0.0000000000000000e+00
	 0.0000000000000000e+00 	 0.0000000000000000e+00 	 5.9928640610913372e+08 	 -4.5239035588339710e+09 	 2.8509021960218739e+10 	 0.0000000000000000e+00
	 -3.6883013261497855e+07 	 2.6137370052307151e+07 	 0.0000000000000000e+00 	 0.0000000000000000e+00 	 0.0000000000000000e+00 	 1.3468504287738271e+09

	 6.2828586754966682e+02 	 0.0000000000000000e+00 	 0.0000000000000000e+00 	 0.0000000000000000e+00 	 0.0000000000000000e+00 	 -3.5717916885671337e+02
	 0.0000000000000000e+00 	 6.2828586754966682e+02 	 0.0000000000000000e+00 	 0.0000000000000000e+00 	 0.0000000000000000e+00 	 -8.5715591917858214e-01
	 0.0000000000000000e+00 	 0.0000000000000000e+00 	 6.2828586754966682e+02 	 3.5717916885671337e+02 	 8.5715591917858214e-01 	 0.0000000000000000e+00
	 0.0000000000000000e+00 	 0.0000000000000000e+00 	 3.5717916885671337e+02 	 1.8491359528193552e+03 	 -7.5337390605892963e+01 	 0.0000000000000000e+00
	 0.0000000000000000e+00 	 0.0000000000000000e+00 	 8.5715591917858214e-01 	 -7.5337390605892963e+01 	 4.2355522537716388e+02 	 0.0000000000000000e+00
	 -3.5717916885671337e+02 	 -8.5715591917858214e-01 	 0.0000000000000000e+00 	 0.0000000000000000e+00 	 0.0000000000000000e+00 	 2.2726911781965191e+03

	 0.360000 
	 2.9289254458354199e+08 	 3.1739613936134692e+07 	 0.0000000000000000e+00 	 0.0000000000000000e+00 	 0.0000000000000000e+00 	 -1.7459867027779184e+07
	 3.1739613935321704e+07 	 4.7623046180891317e+08 	 0.0000000000000000e+00 	 0.0000000000000000e+00 	 0.0000000000000000e+00 	 2.4512460765259270e+07
	 0.0000000000000000e+00 	 0.0000000000000000e+00 	 3.0999870123802940e+10 	 1.2287387886186237e+10 	 3.7873191655675304e+08 	 0.0000000000000000e+00
	 0.0000000000000000e+00 	 0.0000000000000000e+00 	 1.2287387886185169e+10 	 5.9678063494233788e+10 	 -3.0935468870249672e+09 	 0.0000000000000000e+00
	 0.0000000000000000e+00 	 0.0000000000000000e+00 	 3.7873191655708534e+08 	 -3.0935468870242448e+09 	 2.2311714923704853e+10 	 0.0000000000000000e+00
	 -1.7459867028086435e+07 	 2.4512460764578559e+07 	 0.0000000000000000e+00 	 0.0000000000000000e+00 	 0.0000000000000000e+00 	 1.0644728164507940e+09

	 5.8504966037443671e+02 	 0.0000000000000000e+00 	 0.0000000000000000e+00 	 0.0000000000000000e+00 	 0.0000000000000000e+00 	 -3.1316386006805118e+02
	 0.0000000000000000e+00 	 5.8504966037443671e+02 	 0.0000000000000000e+00 	 0.0000000000000000e+00 	 0.0000000000000000e+00 	 1.2217861692421050e+00
	 0.0000000000000000e+00 	 0.0000000000000000e+00 	 5.8504966037443671e+02 	 3.1316386006805118e+02 	 -1.2217861692421050e+00 	 0.0000000000000000e+00
	 0.0000000000000000e+00 	 0.0000000000000000e+00 	 3.1316386006805118e+02 	 1.5354760254804301e+03 	 -5.4931652743054954e+01 	 0.0000000000000000e+00
	 0.0000000000000000e+00 	 0.0000000000000000e+00 	 -1.2217861692421050e+00 	 -5.4931652743054954e+01 	 3.2698746479994145e+02 	 0.0000000000000000e+00
	 -3.1316386006805118e+02 	 1.2217861692421050e+00 	 0.0000000000000000e+00 	 0.0000000000000000e+00 	 0.0000000000000000e+00 	 1.8624634902803709e+03

	 0.380000 
	 2.7694584767711371e+08 	 2.7493413285895489e+07 	 0.0000000000000000e+00 	 0.0000000000000000e+00 	 0.0000000000000000e+00 	 -9.6115990685396492e+06
	 2.7493413285872515e+07 	 4.6184545237909055e+08 	 0.0000000000000000e+00 	 0.0000000000000000e+00 	 0.0000000000000000e+00 	 2.4906710916676693e+07
	 0.0000000000000000e+00 	 0.0000000000000000e+00 	 2.9865091214834358e+10 	 1.1218995162305861e+10 	 2.1361211287556133e+08 	 0.0000000000000000e+00
	 0.0000000000000000e+00 	 0.0000000000000000e+00 	 1.1218995162302057e+10 	 5.3712220491308929e+10 	 -2.5300739907250361e+09 	 0.0000000000000000e+00
	 0.0000000000000000e+00 	 0.0000000000000000e+00 	 2.1361211287577459e+08 	 -2.5300739907245054e+09 	 1.9358634790668213e+10 	 0.0000000000000000e+00
	 -9.6115990685598291e+06 	 2.4906710916467212e+07 	 0.0000000000000000e+00 	 0.0000000000000000e+00 	 0.0000000000000000e+00 	 9.3893914195859468e+08

	 5.5993155844663386e+02 	 0.0000000000000000e+00 	 0.0000000000000000e+00 	 0.0000000000000000e+00 	 0.0000000000000000e+00 	 -2.9091957254322557e+02
	 0.0000000000000000e+00 	 5.5993155844663386e+02 	 0.0000000000000000e+00 	 0.0000000000000000e+00 	 0.0000000000000000e+00 	 3.1910615095270201e+00
	 0.0000000000000000e+00 	 0.0000000000000000e+00 	 5.5993155844663386e+02 	 2.9091957254322557e+02 	 -3.1910615095270201e+00 	 0.0000000000000000e+00
	 0.0000000000000000e+00 	 0.0000000000000000e+00 	 2.9091957254322557e+02 	 1.3845752171642393e+03 	 -4.6793157786603089e+01 	 0.0000000000000000e+00
	 0.0000000000000000e+00 	 0.0000000000000000e+00 	 -3.1910615095270201e+00 	 -4.6793157786603089e+01 	 2.8246595670600141e+02 	 0.0000000000000000e+00
	 -2.9091957254322557e+02 	 3.1910615095270201e+00 	 0.0000000000000000e+00 	 0.0000000000000000e+00 	 0.0000000000000000e+00 	 1.6670411738702389e+03

	 0.400000 
	 2.6134010445207503e+08 	 2.3972943119192641e+07 	 0.0000000000000000e+00 	 0.0000000000000000e+00 	 0.0000000000000000e+00 	 -3.4788347651028638e+06
	 2.3972943119418856e+07 	 4.4865450679562646e+08 	 0.0000000000000000e+00 	 0.0000000000000000e+00 	 0.0000000000000000e+00 	 2.4896480762728050e+07
	 0.0000000000000000e+00 	 0.0000000000000000e+00 	 2.8695006662825428e+10 	 1.0234056659519859e+10 	 1.0783631117006065e+08 	 0.0000000000000000e+00
	 0.0000000000000000e+00 	 0.0000000000000000e+00 	 1.0234056659520367e+10 	 4.8042641867740913e+10 	 -2.0809127414866335e+09 	 0.0000000000000000e+00
	 0.0000000000000000e+00 	 0.0000000000000000e+00 	 1.0783631116965042e+08 	 -2.0809127414866183e+09 	 1.6715722918606878e+10 	 0.0000000000000000e+00
	 -3.4788347651139204e+06 	 2.4896480762631260e+07 	 0.0000000000000000e+00 	 0.0000000000000000e+00 	 0.0000000000000000e+00 	 8.2609246503901374e+08

	 5.3484693226704769e+02 	 0.0000000000000000e+00 	 0.0000000000000000e+00 	 0.0000000000000000e+00 	 0.0000000000000000e+00 	 -2.6981543482217347e+02
	 0.0000000000000000e+00 	 5.3484693226704769e+02 	 0.0000000000000000e+00 	 0.0000000000000000e+00 	 0.0000000000000000e+00 	 4.4844721593430030e+00
	 0.0000000000000000e+00 	 0.0000000000000000e+00 	 5.3484693226704769e+02 	 2.6981543482217347e+02 	 -4.4844721593430030e+00 	 0.0000000000000000e+00
	 0.0000000000000000e+00 	 0.0000000000000000e+00 	 2.6981543482217347e+02 	 1.2440827627238632e+03 	 -4.0067351199757354e+01 	 0.0000000000000000e+00
	 0.0000000000000000e+00 	 0.0000000000000000e+00 	 -4.4844721593430030e+00 	 -4.0067351199757354e+01 	 2.4301279650518518e+02 	 0.0000000000000000e+00
	 -2.6981543482217347e+02 	 4.4844721593430030e+00 	 0.0000000000000000e+00 	 0.0000000000000000e+00 	 0.0000000000000000e+00 	 1.4870955592290445e+03

	 0.425000 
	 2.4204073470144418e+08 	 2.0332320406586997e+07 	 0.0000000000000000e+00 	 0.0000000000000000e+00 	 0.0000000000000000e+00 	 2.0245928652431313e+06
	 2.0332320406522144e+07 	 4.3243779231037366e+08 	 0.0000000000000000e+00 	 0.0000000000000000e+00 	 0.0000000000000000e+00 	 2.4740430334277950e+07
	 0.0000000000000000e+00 	 0.0000000000000000e+00 	 2.7219864753990196e+10 	 9.1750418466817684e+09 	 2.9733877340636719e+06 	 0.0000000000000000e+00
	 0.0000000000000000e+00 	 0.0000000000000000e+00 	 9.1750418466812344e+09 	 4.1674996982620262e+10 	 -1.6427157184427133e+09 	 0.0000000000000000e+00
	 0.0000000000000000e+00 	 0.0000000000000000e+00 	 2.9733877340082126e+06 	 -1.6427157184431820e+09 	 1.3787562857024343e+10 	 0.0000000000000000e+00
	 2.0245928652532008e+06 	 2.4740430334436338e+07 	 0.0000000000000000e+00 	 0.0000000000000000e+00 	 0.0000000000000000e+00 	 6.9973813093243921e+08

	 5.0382371346362106e+02 	 0.0000000000000000e+00 	 0.0000000000000000e+00 	 0.0000000000000000e+00 	 0.0000000000000000e+00 	 -2.4573755391721727e+02
	 0.0000000000000000e+00 	 5.0382371346362106e+02 	 0.0000000000000000e+00 	 0.0000000000000000e+00 	 0.0000000000000000e+00 	 5.6891064096852757e+00
	 0.0000000000000000e+00 	 0.0000000000000000e+00 	 5.0382371346362106e+02 	 2.4573755391721727e+02 	 -5.6891064096852757e+00 	 0.0000000000000000e+00
	 0.0000000000000000e+00 	 0.0000000000000000e+00 	 2.4573755391721727e+02 	 1.0845084158194236e+03 	 -3.3341199286640794e+01 	 0.0000000000000000e+00
	 0.0000000000000000e+00 	 0.0000000000000000e+00 	 -5.6891064096852757e+00 	 -3.3341199286640794e+01 	 1.9970957177112700e+02 	 0.0000000000000000e+00
	 -2.4573755391721727e+02 	 5.6891064096852757e+00 	 0.0000000000000000e+00 	 0.0000000000000000e+00 	 0.0000000000000000e+00 	 1.2842179875905558e+03

	 0.450000 
	 2.2439502686822492e+08 	 1.6806948804578584e+07 	 0.0000000000000000e+00 	 0.0000000000000000e+00 	 0.0000000000000000e+00 	 7.1170657955878936e+06
	 1.6806948804996911e+07 	 4.1676124539040416e+08 	 0.0000000000000000e+00 	 0.0000000000000000e+00 	 0.0000000000000000e+00 	 2.4404799229747377e+07
	 0.0000000000000000e+00 	 0.0000000000000000e+00 	 2.5861036731518555e+10 	 8.1952678340324192e+09 	 -9.7982624005996540e+07 	 0.0000000000000000e+00
	 0.0000000000000000e+00 	 0.0000000000000000e+00 	 8.1952678340352173e+09 	 3.6343837726396530e+10 	 -1.2776050895873320e+09 	 0.0000000000000000e+00
	 0.0000000000000000e+00 	 0.0000000000000000e+00 	 -9.7982624006222516e+07 	 -1.2776050895875471e+09 	 1.1391534373776621e+10 	 0.0000000000000000e+00
	 7.1170657956077773e+06 	 2.4404799232070003e+07 	 0.0000000000000000e+00 	 0.0000000000000000e+00 	 0.0000000000000000e+00 	 5.9327506479225349e+08

	 4.7492614880152161e+02 	 0.0000000000000000e+00 	 0.0000000000000000e+00 	 0.0000000000000000e+00 	 0.0000000000000000e+00 	 -2.2264983604279402e+02
	 0.0000000000000000e+00 	 4.7492614880152161e+02 	 0.0000000000000000e+00 	 0.0000000000000000e+00 	 0.0000000000000000e+00 	 6.7422169637184872e+00
	 0.0000000000000000e+00 	 0.0000000000000000e+00 	 4.7492614880152161e+02 	 2.2264983604279402e+02 	 -6.7422169637184872e+00 	 0.0000000000000000e+00
	 0.0000000000000000e+00 	 0.0000000000000000e+00 	 2.2264983604279402e+02 	 9.4550569169723394e+02 	 -2.7503680017971330e+01 	 0.0000000000000000e+00
	 0.0000000000000000e+00 	 0.0000000000000000e+00 	 -6.7422169637184872e+00 	 -2.7503680017971330e+01 	 1.6441722498283869e+02 	 0.0000000000000000e+00
	 -2.2264983604279402e+02 	 6.7422169637184872e+00 	 0.0000000000000000e+00 	 0.0000000000000000e+00 	 0.0000000000000000e+00 	 1.1099229166800735e+03

	 0.475000 
	 2.0907989135453674e+08 	 1.3586868166448889e+07 	 0.0000000000000000e+00 	 0.0000000000000000e+00 	 0.0000000000000000e+00 	 1.2893457728179384e+07
	 1.3586868166278604e+07 	 4.0426484453720367e+08 	 0.0000000000000000e+00 	 0.0000000000000000e+00 	 0.0000000000000000e+00 	 2.2778801036781564e+07
	 0.0000000000000000e+00 	 0.0000000000000000e+00 	 2.4509214659289032e+10 	 6.9497345553246088e+09 	 -1.6144720812236449e+08 	 0.0000000000000000e+00
	 0.0000000000000000e+00 	 0.0000000000000000e+00 	 6.9497345553228636e+09 	 3.1127786404589550e+10 	 -9.8078511074652588e+08 	 0.0000000000000000e+00
	 0.0000000000000000e+00 	 0.0000000000000000e+00 	 -1.6144720812188843e+08 	 -9.8078511074645197e+08 	 9.4768833736818905e+09 	 0.0000000000000000e+00
	 1.2893457728226064e+07 	 2.2778801036712337e+07 	 0.0000000000000000e+00 	 0.0000000000000000e+00 	 0.0000000000000000e+00 	 5.0801437488727510e+08

	 4.4733685343709851e+02 	 0.0000000000000000e+00 	 0.0000000000000000e+00 	 0.0000000000000000e+00 	 0.0000000000000000e+00 	 -1.9688475149373653e+02
	 0.0000000000000000e+00 	 4.4733685343709851e+02 	 0.0000000000000000e+00 	 0.0000000000000000e+00 	 0.0000000000000000e+00 	 7.2729575315875570e+00
	 0.0000000000000000e+00 	 0.0000000000000000e+00 	 4.4733685343709851e+02 	 1.9688475149373653e+02 	 -7.2729575315875570e+00 	 0.0000000000000000e+00
	 0.0000000000000000e+00 	 0.0000000000000000e+00 	 1.9688475149373653e+02 	 8.1853943526357909e+02 	 -2.2514717640023751e+01 	 0.0000000000000000e+00
	 0.0000000000000000e+00 	 0.0000000000000000e+00 	 -7.2729575315875570e+00 	 -2.2514717640023751e+01 	 1.3641683388519161e+02 	 0.0000000000000000e+00
	 -1.9688475149373653e+02 	 7.2729575315875570e+00 	 0.0000000000000000e+00 	 0.0000000000000000e+00 	 0.0000000000000000e+00 	 9.5495626914877266e+02

	 0.500000 
	 1.9416685450161597e+08 	 1.0702912348241501e+07 	 0.0000000000000000e+00 	 0.0000000000000000e+00 	 0.0000000000000000e+00 	 1.6723007919553921e+07
	 1.0702912348433197e+07 	 3.9049747105315495e+08 	 0.0000000000000000e+00 	 0.0000000000000000e+00 	 0.0000000000000000e+00 	 2.2409971049015667e+07
	 0.0000000000000000e+00 	 0.0000000000000000e+00 	 2.3206520191041512e+10 	 6.1750866146056376e+09 	 -2.0773273800423279e+08 	 0.0000000000000000e+00
	 0.0000000000000000e+00 	 0.0000000000000000e+00 	 6.1750866146059246e+09 	 2.7583068099605301e+10 	 -7.4716839556679249e+08 	 0.0000000000000000e+00
	 0.0000000000000000e+00 	 0.0000000000000000e+00 	 -2.0773273800446114e+08 	 -7.4716839556742275e+08 	 7.8168821801918440e+09 	 0.0000000000000000e+00
	 1.6723007919552736e+07 	 2.2409971049176335e+07 	 0.0000000000000000e+00 	 0.0000000000000000e+00 	 0.0000000000000000e+00 	 4.3324672198657376e+08

	 4.2096491158275569e+02 	 0.0000000000000000e+00 	 0.0000000000000000e+00 	 0.0000000000000000e+00 	 0.0000000000000000e+00 	 -1.7658313421167267e+02
	 0.0000000000000000e+00 	 4.2096491158275569e+02 	 0.0000000000000000e+00 	 0.0000000000000000e+00 	 0.0000000000000000e+00 	 7.5984919245764546e+00
	 0.0000000000000000e+00 	 0.0000000000000000e+00 	 4.2096491158275569e+02 	 1.7658313421167267e+02 	 -7.5984919245764546e+00 	 0.0000000000000000e+00
	 0.0000000000000000e+00 	 0.0000000000000000e+00 	 1.7658313421167267e+02 	 7.1746618452582891e+02 	 -1.8413901382688156e+01 	 0.0000000000000000e+00
	 0.0000000000000000e+00 	 0.0000000000000000e+00 	 -7.5984919245764546e+00 	 -1.8413901382688156e+01 	 1.1238233416742311e+02 	 0.0000000000000000e+00
	 -1.7658313421167267e+02 	 7.5984919245764546e+00 	 0.0000000000000000e+00 	 0.0000000000000000e+00 	 0.0000000000000000e+00 	 8.2984851869325212e+02

	 0.525000 
	 1.7273535421020576e+08 	 8.0798452662094608e+06 	 0.0000000000000000e+00 	 0.0000000000000000e+00 	 0.0000000000000000e+00 	 3.3784200648945116e+07
	 8.0798452661020625e+06 	 3.6711050479388511e+08 	 0.0000000000000000e+00 	 0.0000000000000000e+00 	 0.0000000000000000e+00 	 2.1392064239766877e+07
	 0.0000000000000000e+00 	 0.0000000000000000e+00 	 2.1772667892306877e+10 	 5.2659856979015903e+09 	 -2.4283213670811847e+08 	 0.0000000000000000e+00
	 0.0000000000000000e+00 	 0.0000000000000000e+00 	 5.2659856979010191e+09 	 2.3638187665745270e+10 	 -5.5940254982985342e+08 	 0.0000000000000000e+00
	 0.0000000000000000e+00 	 0.0000000000000000e+00 	 -2.4283213670812136e+08 	 -5.5940254983013237e+08 	 6.3773351567823639e+09 	 0.0000000000000000e+00
	 3.3784200648786180e+07 	 2.1392064239616975e+07 	 0.0000000000000000e+00 	 0.0000000000000000e+00 	 0.0000000000000000e+00 	 3.3353089453430498e+08

	 3.8651084909255388e+02 	 0.0000000000000000e+00 	 0.0000000000000000e+00 	 0.0000000000000000e+00 	 0.0000000000000000e+00 	 -1.4072561370578362e+02
	 0.0000000000000000e+00 	 3.8651084909255388e+02 	 0.0000000000000000e+00 	 0.0000000000000000e+00 	 0.0000000000000000e+00 	 7.0890648456517633e+00
	 0.0000000000000000e+00 	 0.0000000000000000e+00 	 3.8651084909255388e+02 	 1.4072561370578362e+02 	 -7.0890648456517633e+00 	 0.0000000000000000e+00
	 0.0000000000000000e+00 	 0.0000000000000000e+00 	 1.4072561370578362e+02 	 5.8912171519394133e+02 	 -1.3597960097301840e+01 	 0.0000000000000000e+00
	 0.0000000000000000e+00 	 0.0000000000000000e+00 	 -7.0890648456517633e+00 	 -1.3597960097301840e+01 	 9.1488804090193270e+01 	 0.0000000000000000e+00
	 -1.4072561370578362e+02 	 7.0890648456517633e+00 	 0.0000000000000000e+00 	 0.0000000000000000e+00 	 0.0000000000000000e+00 	 6.8061051928412985e+02

	 0.550000 
	 1.6204208018916783e+08 	 6.4334446581906062e+06 	 0.0000000000000000e+00 	 0.0000000000000000e+00 	 0.0000000000000000e+00 	 3.3210654797102340e+07
	 6.4334446581532331e+06 	 3.5581644349900293e+08 	 0.0000000000000000e+00 	 0.0000000000000000e+00 	 0.0000000000000000e+00 	 2.0044691538289707e+07
	 0.0000000000000000e+00 	 0.0000000000000000e+00 	 2.0445718747456585e+10 	 4.4796457071359282e+09 	 -2.6684544497455263e+08 	 0.0000000000000000e+00
	 0.0000000000000000e+00 	 0.0000000000000000e+00 	 4.4796457071357555e+09 	 2.0399069083579609e+10 	 -4.3129444733604532e+08 	 0.0000000000000000e+00
	 0.0000000000000000e+00 	 0.0000000000000000e+00 	 -2.6684544497468534e+08 	 -4.3129444733596897e+08 	 5.2927690545028963e+09 	 0.0000000000000000e+00
	 3.3210654797213409e+07 	 2.0044691538186193e+07 	 0.0000000000000000e+00 	 0.0000000000000000e+00 	 0.0000000000000000e+00 	 2.8963375565410572e+08

	 3.6259320784158331e+02 	 0.0000000000000000e+00 	 0.0000000000000000e+00 	 0.0000000000000000e+00 	 0.0000000000000000e+00 	 -1.2348034832384961e+02
	 0.0000000000000000e+00 	 3.6259320784158331e+02 	 0.0000000000000000e+00 	 0.0000000000000000e+00 	 0.0000000000000000e+00 	 7.1289613662846874e+00
	 0.0000000000000000e+00 	 0.0000000000000000e+00 	 3.6259320784158331e+02 	 1.2348034832384961e+02 	 -7.1289613662846874e+00 	 0.0000000000000000e+00
	 0.0000000000000000e+00 	 0.0000000000000000e+00 	 1.2348034832384961e+02 	 5.0894865559165720e+02 	 -1.1213254380727172e+01 	 0.0000000000000000e+00
	 0.0000000000000000e+00 	 0.0000000000000000e+00 	 -7.1289613662846874e+00 	 -1.1213254380727172e+01 	 7.6032416601264714e+01 	 0.0000000000000000e+00
	 -1.2348034832384961e+02 	 7.1289613662846874e+00 	 0.0000000000000000e+00 	 0.0000000000000000e+00 	 0.0000000000000000e+00 	 5.8498107219292422e+02

	 0.570000 
	 1.5553513436554199e+08 	 5.9140920014218427e+06 	 0.0000000000000000e+00 	 0.0000000000000000e+00 	 0.0000000000000000e+00 	 3.3624591068243302e+07
	 5.9140920014516218e+06 	 3.4586982975130361e+08 	 0.0000000000000000e+00 	 0.0000000000000000e+00 	 0.0000000000000000e+00 	 1.7427113389828812e+07
	 0.0000000000000000e+00 	 0.0000000000000000e+00 	 1.9432794251770626e+10 	 3.8056227443846245e+09 	 -2.6674737592548904e+08 	 0.0000000000000000e+00
	 0.0000000000000000e+00 	 0.0000000000000000e+00 	 3.8056227443856335e+09 	 1.7842618339721500e+10 	 -3.8076187946437174e+08 	 0.0000000000000000e+00
	 0.0000000000000000e+00 	 0.0000000000000000e+00 	 -2.6674737592548680e+08 	 -3.8076187946443927e+08 	 4.6308327109467297e+09 	 0.0000000000000000e+00
	 3.3624591068234615e+07 	 1.7427113389795624e+07 	 0.0000000000000000e+00 	 0.0000000000000000e+00 	 0.0000000000000000e+00 	 2.6312656354965255e+08

	 3.4453745186743879e+02 	 0.0000000000000000e+00 	 0.0000000000000000e+00 	 0.0000000000000000e+00 	 0.0000000000000000e+00 	 -1.0937239478801929e+02
	 0.0000000000000000e+00 	 3.4453745186743879e+02 	 0.0000000000000000e+00 	 0.0000000000000000e+00 	 0.0000000000000000e+00 	 6.8323662155735647e+00
	 0.0000000000000000e+00 	 0.0000000000000000e+00 	 3.4453745186743879e+02 	 1.0937239478801929e+02 	 -6.8323662155735647e+00 	 0.0000000000000000e+00
	 0.0000000000000000e+00 	 0.0000000000000000e+00 	 1.0937239478801929e+02 	 4.4895317017839773e+02 	 -9.9233671588401950e+00 	 0.0000000000000000e+00
	 0.0000000000000000e+00 	 0.0000000000000000e+00 	 -6.8323662155735647e+00 	 -9.9233671588401950e+00 	 6.6648047079208624e+01 	 0.0000000000000000e+00
	 -1.0937239478801929e+02 	 6.8323662155735647e+00 	 0.0000000000000000e+00 	 0.0000000000000000e+00 	 0.0000000000000000e+00 	 5.1560121725760689e+02

	 0.600000 
	 1.4576496935629773e+08 	 5.0672818751262203e+06 	 0.0000000000000000e+00 	 0.0000000000000000e+00 	 0.0000000000000000e+00 	 3.3386496723826621e+07
	 5.0672818751378600e+06 	 3.3108004686870533e+08 	 0.0000000000000000e+00 	 0.0000000000000000e+00 	 0.0000000000000000e+00 	 1.4228489040351547e+07
	 0.0000000000000000e+00 	 0.0000000000000000e+00 	 1.7937872720966896e+10 	 2.9617415873668351e+09 	 -2.7078383675375146e+08 	 0.0000000000000000e+00
	 0.0000000000000000e+00 	 0.0000000000000000e+00 	 2.9617415873668919e+09 	 1.4584157806878490e+10 	 -3.0977995669996637e+08 	 0.0000000000000000e+00
	 0.0000000000000000e+00 	 0.0000000000000000e+00 	 -2.7078383675382727e+08 	 -3.0977995670001000e+08 	 3.7540536503167729e+09 	 0.0000000000000000e+00
	 3.3386496723774135e+07 	 1.4228489040360972e+07 	 0.0000000000000000e+00 	 0.0000000000000000e+00 	 0.0000000000000000e+00 	 2.2660842988935909e+08

	 3.1820479397457422e+02 	 0.0000000000000000e+00 	 0.0000000000000000e+00 	 0.0000000000000000e+00 	 0.0000000000000000e+00 	 -9.0962849306329872e+01
	 0.0000000000000000e+00 	 3.1820479397457422e+02 	 0.0000000000000000e+00 	 0.0000000000000000e+00 	 0.0000000000000000e+00 	 6.4706035153935577e+00
	 0.0000000000000000e+00 	 0.0000000000000000e+00 	 3.1820479397457422e+02 	 9.0962849306329872e+01 	 -6.4706035153935577e+00 	 0.0000000000000000e+00
	 0.0000000000000000e+00 	 0.0000000000000000e+00 	 9.0962849306329872e+01 	 3.7106113741509466e+02 	 -8.2198004162833733e+00 	 0.0000000000000000e+00
	 0.0000000000000000e+00 	 0.0000000000000000e+00 	 -6.4706035153935577e+00 	 -8.2198004162833733e+00 	 5.4230071270589619e+01 	 0.0000000000000000e+00
	 -9.0962849306329872e+01 	 6.4706035153935577e+00 	 0.0000000000000000e+00 	 0.0000000000000000e+00 	 0.0000000000000000e+00 	 4.2529120868568356e+02

	 0.625000 
	 1.3766541414571434e+08 	 4.3271014697122974e+06 	 0.0000000000000000e+00 	 0.0000000000000000e+00 	 0.0000000000000000e+00 	 3.2656657080741081e+07
	 4.3271014696048824e+06 	 3.1891108284295291e+08 	 0.0000000000000000e+00 	 0.0000000000000000e+00 	 0.0000000000000000e+00 	 1.1967619278671227e+07
	 0.0000000000000000e+00 	 0.0000000000000000e+00 	 1.6682400784548073e+10 	 2.3873775677631922e+09 	 -2.6488262990378249e+08 	 0.0000000000000000e+00
	 0.0000000000000000e+00 	 0.0000000000000000e+00 	 2.3873775677631536e+09 	 1.2310473993907085e+10 	 -2.5681988417163759e+08 	 0.0000000000000000e+00
	 0.0000000000000000e+00 	 0.0000000000000000e+00 	 -2.6488262990383372e+08 	 -2.5681988417170587e+08 	 3.1218107873657465e+09 	 0.0000000000000000e+00
	 3.2656657080777563e+07 	 1.1967619278759494e+07 	 0.0000000000000000e+00 	 0.0000000000000000e+00 	 0.0000000000000000e+00 	 1.9914316181334251e+08

	 2.9672986263627462e+02 	 0.0000000000000000e+00 	 0.0000000000000000e+00 	 0.0000000000000000e+00 	 0.0000000000000000e+00 	 -7.7775738146010056e+01
	 0.0000000000000000e+00 	 2.9672986263627462e+02 	 0.0000000000000000e+00 	 0.0000000000000000e+00 	 0.0000000000000000e+00 	 6.1197653577660409e+00
	 0.0000000000000000e+00 	 0.0000000000000000e+00 	 2.9672986263627462e+02 	 7.7775738146010056e+01 	 -6.1197653577660409e+00 	 0.0000000000000000e+00
	 0.0000000000000000e+00 	 0.0000000000000000e+00 	 7.7775738146010056e+01 	 3.1610432099036456e+02 	 -6.9418633733324704e+00 	 0.0000000000000000e+00
	 0.0000000000000000e+00 	 0.0000000000000000e+00 	 -6.1197653577660409e+00 	 -6.9418633733324704e+00 	 4.5301919335536518e+01 	 0.0000000000000000e+00
	 -7.7775738146010056e+01 	 6.1197653577660409e+00 	 0.0000000000000000e+00 	 0.0000000000000000e+00 	 0.0000000000000000e+00 	 3.6140624032590148e+02

	 0.710000 
	 1.1035962922712065e+08 	 1.9237062379805015e+06 	 0.0000000000000000e+00 	 0.0000000000000000e+00 	 0.0000000000000000e+00 	 2.6987504493761592e+07
	 1.9237062379324608e+06 	 2.7935526428544825e+08 	 0.0000000000000000e+00 	 0.0000000000000000e+00 	 0.0000000000000000e+00 	 8.7727886974376608e+06
	 0.0000000000000000e+00 	 0.0000000000000000e+00 	 1.2573501337147114e+10 	 1.1584952595611520e+09 	 -2.3004756799434450e+08 	 0.0000000000000000e+00
	 0.0000000000000000e+00 	 0.0000000000000000e+00 	 1.1584952595612504e+09 	 7.0953586127435703e+09 	 -1.1632450158717839e+08 	 0.0000000000000000e+00
	 0.0000000000000000e+00 	 0.0000000000000000e+00 	 -2.3004756799437705e+08 	 -1.1632450158720857e+08 	 1.5656895996879637e+09 	 0.0000000000000000e+00
	 2.6987504493755214e+07 	 8.7727886974688694e+06 	 0.0000000000000000e+00 	 0.0000000000000000e+00 	 0.0000000000000000e+00 	 1.2263394251140097e+08

	 2.2896604073326083e+02 	 0.0000000000000000e+00 	 0.0000000000000000e+00 	 0.0000000000000000e+00 	 0.0000000000000000e+00 	 -4.5979994419726225e+01
	 0.0000000000000000e+00 	 2.2896604073326083e+02 	 0.0000000000000000e+00 	 0.0000000000000000e+00 	 0.0000000000000000e+00 	 5.0269954290273402e+00
	 0.0000000000000000e+00 	 0.0000000000000000e+00 	 2.2896604073326083e+02 	 4.5979994419726225e+01 	 -5.0269954290273402e+00 	 0.0000000000000000e+00
	 0.0000000000000000e+00 	 0.0000000000000000e+00 	 4.5979994419726225e+01 	 1.8482051131381408e+02 	 -3.6421560367548631e+00 	 0.0000000000000000e+00
	 0.0000000000000000e+00 	 0.0000000000000000e+00 	 -5.0269954290273402e+00 	 -3.6421560367548631e+00 	 2.3270666432341230e+01 	 0.0000000000000000e+00
	 -4.5979994419726225e+01 	 5.0269954290273402e+00 	 0.0000000000000000e+00 	 0.0000000000000000e+00 	 0.0000000000000000e+00 	 2.0809117774615547e+02

	 0.725000 
	 1.0551592314950415e+08 	 1.5223813075190785e+06 	 0.0000000000000000e+00 	 0.0000000000000000e+00 	 0.0000000000000000e+00 	 2.5738560598597780e+07
	 1.5223813075633587e+06 	 2.7278618301845294e+08 	 0.0000000000000000e+00 	 0.0000000000000000e+00 	 0.0000000000000000e+00 	 8.5319206688189507e+06
	 0.0000000000000000e+00 	 0.0000000000000000e+00 	 1.1912047249601545e+10 	 1.0102115407824645e+09 	 -2.2326567325072116e+08 	 0.0000000000000000e+00
	 0.0000000000000000e+00 	 0.0000000000000000e+00 	 1.0102115407823867e+09 	 6.4153497403220348e+09 	 -9.8971124825183466e+07 	 0.0000000000000000e+00
	 0.0000000000000000e+00 	 0.0000000000000000e+00 	 -2.2326567325069273e+08 	 -9.8971124825131893e+07 	 1.3698556142827494e+09 	 0.0000000000000000e+00
	 2.5738560598552778e+07 	 8.5319206688160636e+06 	 0.0000000000000000e+00 	 0.0000000000000000e+00 	 0.0000000000000000e+00 	 1.1144689440475459e+08

	 2.1799044105851519e+02 	 0.0000000000000000e+00 	 0.0000000000000000e+00 	 0.0000000000000000e+00 	 0.0000000000000000e+00 	 -4.1726510721910145e+01
	 0.0000000000000000e+00 	 2.1799044105851519e+02 	 0.0000000000000000e+00 	 0.0000000000000000e+00 	 0.0000000000000000e+00 	 4.8438931735773529e+00
	 0.0000000000000000e+00 	 0.0000000000000000e+00 	 2.1799044105851519e+02 	 4.1726510721910145e+01 	 -4.8438931735773529e+00 	 0.0000000000000000e+00
	 0.0000000000000000e+00 	 0.0000000000000000e+00 	 4.1726510721910145e+01 	 1.6725916384594825e+02 	 -3.2217066877797373e+00 	 0.0000000000000000e+00
	 0.0000000000000000e+00 	 0.0000000000000000e+00 	 -4.8438931735773529e+00 	 -3.2217066877797373e+00 	 2.0463353617623447e+01 	 0.0000000000000000e+00
	 -4.1726510721910145e+01 	 4.8438931735773529e+00 	 0.0000000000000000e+00 	 0.0000000000000000e+00 	 0.0000000000000000e+00 	 1.8772251746357142e+02

	 0.750000 
	 9.7888001412564337e+07 	 4.8992107164867651e+06 	 0.0000000000000000e+00 	 0.0000000000000000e+00 	 0.0000000000000000e+00 	 2.4189681092809390e+07
	 4.8992107164829792e+06 	 2.6121338157682505e+08 	 0.0000000000000000e+00 	 0.0000000000000000e+00 	 0.0000000000000000e+00 	 9.2467903717610147e+06
	 0.0000000000000000e+00 	 0.0000000000000000e+00 	 1.0828863728465548e+10 	 7.4368058969607306e+08 	 -2.4257833630389211e+08 	 0.0000000000000000e+00
	 0.0000000000000000e+00 	 0.0000000000000000e+00 	 7.4368058969605601e+08 	 5.3822194149178514e+09 	 -1.1606207380622089e+08 	 0.0000000000000000e+00
	 0.0000000000000000e+00 	 0.0000000000000000e+00 	 -2.4257833630390015e+08 	 -1.1606207380621506e+08 	 1.0924114268631830e+09 	 0.0000000000000000e+00
	 2.4189681092804026e+07 	 9.2467903717932571e+06 	 0.0000000000000000e+00 	 0.0000000000000000e+00 	 0.0000000000000000e+00 	 9.5032043097942919e+07

	 2.0008403277202785e+02 	 0.0000000000000000e+00 	 0.0000000000000000e+00 	 0.0000000000000000e+00 	 0.0000000000000000e+00 	 -3.4668876441826662e+01
	 0.0000000000000000e+00 	 2.0008403277202785e+02 	 0.0000000000000000e+00 	 0.0000000000000000e+00 	 0.0000000000000000e+00 	 5.0213487084364594e+00
	 0.0000000000000000e+00 	 0.0000000000000000e+00 	 2.0008403277202785e+02 	 3.4668876441826662e+01 	 -5.0213487084364594e+00 	 0.0000000000000000e+00
	 0.0000000000000000e+00 	 0.0000000000000000e+00 	 3.4668876441826662e+01 	 1.4072478528159417e+02 	 -2.9524097170979084e+00 	 0.0000000000000000e+00
	 0.0000000000000000e+00 	 0.0000000000000000e+00 	 -5.0213487084364594e+00 	 -2.9524097170979084e+00 	 1.6478240658601148e+01 	 0.0000000000000000e+00
	 -3.4668876441826662e+01 	 5.0213487084364594e+00 	 0.0000000000000000e+00 	 0.0000000000000000e+00 	 0.0000000000000000e+00 	 1.5720302594019481e+02

	 0.775000 
	 9.2260555328826979e+07 	 4.9809385372360563e+06 	 0.0000000000000000e+00 	 0.0000000000000000e+00 	 0.0000000000000000e+00 	 2.3086484759536091e+07
	 4.9809385372340735e+06 	 2.5038907212768975e+08 	 0.0000000000000000e+00 	 0.0000000000000000e+00 	 0.0000000000000000e+00 	 8.4750675526110101e+06
	 0.0000000000000000e+00 	 0.0000000000000000e+00 	 9.7746772187184792e+09 	 4.7666527917277253e+08 	 -2.1102113047126052e+08 	 0.0000000000000000e+00
	 0.0000000000000000e+00 	 0.0000000000000000e+00 	 4.7666527917279422e+08 	 4.4338593283115063e+09 	 -9.4232032255943716e+07 	 0.0000000000000000e+00
	 0.0000000000000000e+00 	 0.0000000000000000e+00 	 -2.1102113047123230e+08 	 -9.4232032255932719e+07 	 8.8819315887997818e+08 	 0.0000000000000000e+00
	 2.3086484759537179e+07 	 8.4750675525853038e+06 	 0.0000000000000000e+00 	 0.0000000000000000e+00 	 0.0000000000000000e+00 	 8.2513528387835205e+07

	 1.8306482215556522e+02 	 0.0000000000000000e+00 	 0.0000000000000000e+00 	 0.0000000000000000e+00 	 0.0000000000000000e+00 	 -2.8189241030441369e+01
	 0.0000000000000000e+00 	 1.8306482215556522e+02 	 0.0000000000000000e+00 	 0.0000000000000000e+00 	 0.0000000000000000e+00 	 4.4134099587139168e+00
	 0.0000000000000000e+00 	 0.0000000000000000e+00 	 1.8306482215556522e+02 	 2.8189241030441369e+01 	 -4.4134099587139168e+00 	 0.0000000000000000e+00
	 0.0000000000000000e+00 	 0.0000000000000000e+00 	 2.8189241030441369e+01 	 1.1748423472256277e+02 	 -2.4344290943986020e+00 	 0.0000000000000000e+00
	 0.0000000000000000e+00 	 0.0000000000000000e+00 	 -4.4134099587139168e+00 	 -2.4344290943986020e+00 	 1.3549247420328907e+01 	 0.0000000000000000e+00
	 -2.8189241030441369e+01 	 4.4134099587139168e+00 	 0.0000000000000000e+00 	 0.0000000000000000e+00 	 0.0000000000000000e+00 	 1.3103348214289159e+02

	 0.800000 
	 8.6696845849322513e+07 	 4.9703601180505482e+06 	 0.0000000000000000e+00 	 0.0000000000000000e+00 	 0.0000000000000000e+00 	 2.1978455233791586e+07
	 4.9703601180925053e+06 	 2.3898510081742826e+08 	 0.0000000000000000e+00 	 0.0000000000000000e+00 	 0.0000000000000000e+00 	 7.8438204012909569e+06
	 0.0000000000000000e+00 	 0.0000000000000000e+00 	 8.7416348574073734e+09 	 2.2305490702410260e+08 	 -1.8038031825298032e+08 	 0.0000000000000000e+00
	 0.0000000000000000e+00 	 0.0000000000000000e+00 	 2.2305490702415845e+08 	 3.5887282329062071e+09 	 -7.4141001170548767e+07 	 0.0000000000000000e+00
	 0.0000000000000000e+00 	 0.0000000000000000e+00 	 -1.8038031825296864e+08 	 -7.4141001170542985e+07 	 7.1485316412784779e+08 	 0.0000000000000000e+00
	 2.1978455233801711e+07 	 7.8438204012742937e+06 	 0.0000000000000000e+00 	 0.0000000000000000e+00 	 0.0000000000000000e+00 	 7.1169770216958001e+07

	 1.6621508981558253e+02 	 0.0000000000000000e+00 	 0.0000000000000000e+00 	 0.0000000000000000e+00 	 0.0000000000000000e+00 	 -2.2019716751761599e+01
	 0.0000000000000000e+00 	 1.6621508981558253e+02 	 0.0000000000000000e+00 	 0.0000000000000000e+00 	 0.0000000000000000e+00 	 3.8260698067988281e+00
	 0.0000000000000000e+00 	 0.0000000000000000e+00 	 1.6621508981558253e+02 	 2.2019716751761599e+01 	 -3.8260698067988281e+00 	 0.0000000000000000e+00
	 0.0000000000000000e+00 	 0.0000000000000000e+00 	 2.2019716751761599e+01 	 9.6954313062492361e+01 	 -1.9709362597269444e+00 	 0.0000000000000000e+00
	 0.0000000000000000e+00 	 0.0000000000000000e+00 	 -3.8260698067988281e+00 	 -1.9709362597269444e+00 	 1.1038891900068776e+01 	 0.0000000000000000e+00
	 -2.2019716751761599e+01 	 3.8260698067988281e+00 	 0.0000000000000000e+00 	 0.0000000000000000e+00 	 0.0000000000000000e+00 	 1.0799320496256175e+02

	 0.830000 
	 7.8848490198686764e+07 	 -5.1974532309701270e+05 	 0.0000000000000000e+00 	 0.0000000000000000e+00 	 0.0000000000000000e+00 	 1.9917831631419439e+07
	 -5.1974532312925329e+05 	 2.0709420076806217e+08 	 0.0000000000000000e+00 	 0.0000000000000000e+00 	 0.0000000000000000e+00 	 4.9835664001635937e+06
	 0.0000000000000000e+00 	 0.0000000000000000e+00 	 7.5038914481452065e+09 	 -4.1758011019763120e+07 	 -1.1481347099741532e+08 	 0.0000000000000000e+00
	 0.0000000000000000e+00 	 0.0000000000000000e+00 	 -4.1758011019789860e+07 	 2.7108287597281966e+09 	 -1.8811767138811585e+07 	 0.0000000000000000e+00
	 0.0000000000000000e+00 	 0.0000000000000000e+00 	 -1.1481347099739005e+08 	 -1.8811767138816413e+07 	 5.4473103332253909e+08 	 0.0000000000000000e+00
	 1.9917831631420456e+07 	 4.9835664001663700e+06 	 0.0000000000000000e+00 	 0.0000000000000000e+00 	 0.0000000000000000e+00 	 5.6814025764477320e+07

	 1.4239616349140621e+02 	 0.0000000000000000e+00 	 0.0000000000000000e+00 	 0.0000000000000000e+00 	 0.0000000000000000e+00 	 -1.3859248055146439e+01
	 0.0000000000000000e+00 	 1.4239616349140621e+02 	 0.0000000000000000e+00 	 0.0000000000000000e+00 	 0.0000000000000000e+00 	 2.6116337004221610e+00
	 0.0000000000000000e+00 	 0.0000000000000000e+00 	 1.4239616349140621e+02 	 1.3859248055146439e+01 	 -2.6116337004221610e+00 	 0.0000000000000000e+00
	 0.0000000000000000e+00 	 0.0000000000000000e+00 	 1.3859248055146439e+01 	 7.3141733065055391e+01 	 -1.0732366435790972e+00 	 0.0000000000000000e+00
	 0.0000000000000000e+00 	 0.0000000000000000e+00 	 -2.6116337004221610e+00 	 -1.0732366435790972e+00 	 8.3990652756968078e+00 	 0.0000000000000000e+00
	 -1.3859248055146439e+01 	 2.6116337004221610e+00 	 0.0000000000000000e+00 	 0.0000000000000000e+00 	 0.0000000000000000e+00 	 8.1540798340752005e+01

	 0.850000 
	 7.2488223243384704e+07 	 -1.3257302326934473e+06 	 0.0000000000000000e+00 	 0.0000000000000000e+00 	 0.0000000000000000e+00 	 1.8464313354114477e+07
	 -1.3257302327149599e+06 	 1.7429393659280303e+08 	 0.0000000000000000e+00 	 0.0000000000000000e+00 	 0.0000000000000000e+00 	 3.8993073045263155e+06
	 0.0000000000000000e+00 	 0.0000000000000000e+00 	 6.6951014160325232e+09 	 -2.2187092421925920e+08 	 -9.6519551240860134e+07 	 0.0000000000000000e+00
	 0.0000000000000000e+00 	 0.0000000000000000e+00 	 -2.2187092421925676e+08 	 2.1960501014573722e+09 	 -7.4559662977394573e+06 	 0.0000000000000000e+00
	 0.0000000000000000e+00 	 0.0000000000000000e+00 	 -9.6519551240869686e+07 	 -7.4559662977501526e+06 	 4.4818280864815348e+08 	 0.0000000000000000e+00
	 1.8464313354108427e+07 	 3.8993073045214242e+06 	 0.0000000000000000e+00 	 0.0000000000000000e+00 	 0.0000000000000000e+00 	 4.6736044864623055e+07

	 1.2535206272702311e+02 	 0.0000000000000000e+00 	 0.0000000000000000e+00 	 0.0000000000000000e+00 	 0.0000000000000000e+00 	 -8.3536206579002883e+00
	 0.0000000000000000e+00 	 1.2535206272702311e+02 	 0.0000000000000000e+00 	 0.0000000000000000e+00 	 0.0000000000000000e+00 	 2.1655546053353736e+00
	 0.0000000000000000e+00 	 0.0000000000000000e+00 	 1.2535206272702311e+02 	 8.3536206579002883e+00 	 -2.1655546053353736e+00 	 0.0000000000000000e+00
	 0.0000000000000000e+00 	 0.0000000000000000e+00 	 8.3536206579002883e+00 	 5.8318617092167230e+01 	 -7.3155853734159826e-01 	 0.0000000000000000e+00
	 0.0000000000000000e+00 	 0.0000000000000000e+00 	 -2.1655546053353736e+00 	 -7.3155853734159826e-01 	 6.8210917543433531e+00 	 0.0000000000000000e+00
	 -8.3536206579002883e+00 	 2.1655546053353736e+00 	 0.0000000000000000e+00 	 0.0000000000000000e+00 	 0.0000000000000000e+00 	 6.5139708846510644e+01

	 0.875000 
	 6.5207421610334367e+07 	 -2.0528927080943761e+06 	 0.0000000000000000e+00 	 0.0000000000000000e+00 	 0.0000000000000000e+00 	 1.6743513963374322e+07
	 -2.0528927081305289e+06 	 1.4194908842255372e+08 	 0.0000000000000000e+00 	 0.0000000000000000e+00 	 0.0000000000000000e+00 	 2.8988264664766928e+06
	 0.0000000000000000e+00 	 0.0000000000000000e+00 	 5.7682002062431126e+09 	 -3.8640055805100852e+08 	 -7.7252565469901487e+07 	 0.0000000000000000e+00
	 0.0000000000000000e+00 	 0.0000000000000000e+00 	 -3.8640055805103892e+08 	 1.6801361545756974e+09 	 2.2140285069616614e+06 	 0.0000000000000000e+00
	 0.0000000000000000e+00 	 0.0000000000000000e+00 	 -7.7252565469902799e+07 	 2.2140285069672060e+06 	 3.4775677526235825e+08 	 0.0000000000000000e+00
	 1.6743513963380666e+07 	 2.8988264664860852e+06 	 0.0000000000000000e+00 	 0.0000000000000000e+00 	 0.0000000000000000e+00 	 3.6790647820630990e+07

	 1.0690480390730404e+02 	 0.0000000000000000e+00 	 0.0000000000000000e+00 	 0.0000000000000000e+00 	 0.0000000000000000e+00 	 -3.4019512139909884e+00
	 0.0000000000000000e+00 	 1.0690480390730404e+02 	 0.0000000000000000e+00 	 0.0000000000000000e+00 	 0.0000000000000000e+00 	 1.7219876370737199e+00
	 0.0000000000000000e+00 	 0.0000000000000000e+00 	 1.0690480390730404e+02 	 3.4019512139909884e+00 	 -1.7219876370737199e+00 	 0.0000000000000000e+00
	 0.0000000000000000e+00 	 0.0000000000000000e+00 	 3.4019512139909884e+00 	 4.4167541933134459e+01 	 -4.3282450305178982e-01 	 0.0000000000000000e+00
	 0.0000000000000000e+00 	 0.0000000000000000e+00 	 -1.7219876370737199e+00 	 -4.3282450305178982e-01 	 5.2341936629871757e+00 	 0.0000000000000000e+00
	 -3.4019512139909884e+00 	 1.7219876370737199e+00 	 0.0000000000000000e+00 	 0.0000000000000000e+00 	 0.0000000000000000e+00 	 4.9401735596121746e+01

	 0.900000 
	 5.8528019942705110e+07 	 -2.3907571006494691e+06 	 0.0000000000000000e+00 	 0.0000000000000000e+00 	 0.0000000000000000e+00 	 1.5065923455733905e+07
	 -2.3907571006563706e+06 	 1.2448787134508270e+08 	 0.0000000000000000e+00 	 0.0000000000000000e+00 	 0.0000000000000000e+00 	 2.3589015210049124e+06
	 0.0000000000000000e+00 	 0.0000000000000000e+00 	 4.9429175064139996e+09 	 -4.8398595654668498e+08 	 -6.1450047942974538e+07 	 0.0000000000000000e+00
	 0.0000000000000000e+00 	 0.0000000000000000e+00 	 -4.8398595654665256e+08 	 1.2802168055059788e+09 	 7.4298774879298238e+06 	 0.0000000000000000e+00
	 0.0000000000000000e+00 	 0.0000000000000000e+00 	 -6.1450047942955971e+07 	 7.4298774879275886e+06 	 2.6209836287481198e+08 	 0.0000000000000000e+00
	 1.5065923455732416e+07 	 2.3589015209873994e+06 	 0.0000000000000000e+00 	 0.0000000000000000e+00 	 0.0000000000000000e+00 	 2.9242029260039285e+07

	 9.2197072495338389e+01 	 0.0000000000000000e+00 	 0.0000000000000000e+00 	 0.0000000000000000e+00 	 0.0000000000000000e+00 	 -6.1963689627735175e-01
	 0.0000000000000000e+00 	 9.2197072495338389e+01 	 0.0000000000000000e+00 	 0.0000000000000000e+00 	 0.0000000000000000e+00 	 1.3997844550813390e+00
	 0.0000000000000000e+00 	 0.0000000000000000e+00 	 9.2197072495338389e+01 	 6.1963689627735175e-01 	 -1.3997844550813390e+00 	 0.0000000000000000e+00
	 0.0000000000000000e+00 	 0.0000000000000000e+00 	 6.1963689627735175e-01 	 3.4010835533112186e+01 	 -2.6012926069521258e-01 	 0.0000000000000000e+00
	 0.0000000000000000e+00 	 0.0000000000000000e+00 	 -1.3997844550813390e+00 	 -2.6012926069521258e-01 	 3.9602168047517852e+00 	 0.0000000000000000e+00
	 -6.1963689627735175e-01 	 1.3997844550813390e+00 	 0.0000000000000000e+00 	 0.0000000000000000e+00 	 0.0000000000000000e+00 	 3.7971052337863910e+01

	 0.925000 
	 5.0840668628580444e+07 	 -2.2955708592496738e+06 	 0.0000000000000000e+00 	 0.0000000000000000e+00 	 0.0000000000000000e+00 	 1.2331847100777866e+07
	 -2.2955708592735520e+06 	 1.1657453324787647e+08 	 0.0000000000000000e+00 	 0.0000000000000000e+00 	 0.0000000000000000e+00 	 2.1995366296083643e+06
	 0.0000000000000000e+00 	 0.0000000000000000e+00 	 4.1808511169458318e+09 	 -5.1023071880394071e+08 	 -4.8181052124254718e+07 	 0.0000000000000000e+00
	 0.0000000000000000e+00 	 0.0000000000000000e+00 	 -5.1023071880398107e+08 	 9.5855738212587559e+08 	 8.6255295645626355e+06 	 0.0000000000000000e+00
	 0.0000000000000000e+00 	 0.0000000000000000e+00 	 -4.8181052124271594e+07 	 8.6255295645575505e+06 	 1.8556596315162605e+08 	 0.0000000000000000e+00
	 1.2331847100773912e+07 	 2.1995366296224552e+06 	 0.0000000000000000e+00 	 0.0000000000000000e+00 	 0.0000000000000000e+00 	 2.2133588878240298e+07

	 7.8969641542253370e+01 	 0.0000000000000000e+00 	 0.0000000000000000e+00 	 0.0000000000000000e+00 	 0.0000000000000000e+00 	 -1.6336845171030823e-01
	 0.0000000000000000e+00 	 7.8969641542253370e+01 	 0.0000000000000000e+00 	 0.0000000000000000e+00 	 0.0000000000000000e+00 	 1.1539486350226971e+00
	 0.0000000000000000e+00 	 0.0000000000000000e+00 	 7.8969641542253370e+01 	 1.6336845171030823e-01 	 -1.1539486350226971e+00 	 0.0000000000000000e+00
	 0.0000000000000000e+00 	 0.0000000000000000e+00 	 1.6336845171030823e-01 	 2.5873159451735344e+01 	 -1.7858628328563425e-01 	 0.0000000000000000e+00
	 0.0000000000000000e+00 	 0.0000000000000000e+00 	 -1.1539486350226971e+00 	 -1.7858628328563425e-01 	 2.8571515847330780e+00 	 0.0000000000000000e+00
	 -1.6336845171030823e-01 	 1.1539486350226971e+00 	 0.0000000000000000e+00 	 0.0000000000000000e+00 	 0.0000000000000000e+00 	 2.8730311036468475e+01

	 0.950000 
	 4.2448440362769805e+07 	 -1.7815856440295549e+06 	 0.0000000000000000e+00 	 0.0000000000000000e+00 	 0.0000000000000000e+00 	 9.7516673491839357e+06
	 -1.7815856440303172e+06 	 1.1313264277116747e+08 	 0.0000000000000000e+00 	 0.0000000000000000e+00 	 0.0000000000000000e+00 	 2.1886218942485848e+06
	 0.0000000000000000e+00 	 0.0000000000000000e+00 	 3.5173912488508768e+09 	 -5.4369941699461305e+08 	 -3.6058106226199292e+07 	 0.0000000000000000e+00
	 0.0000000000000000e+00 	 0.0000000000000000e+00 	 -5.4369941699463630e+08 	 7.0027003392598820e+08 	 7.6597200146248164e+06 	 0.0000000000000000e+00
	 0.0000000000000000e+00 	 0.0000000000000000e+00 	 -3.6058106226202264e+07 	 7.6597200146227265e+06 	 1.1826333682708842e+08 	 0.0000000000000000e+00
	 9.7516673491876218e+06 	 2.1886218942523319e+06 	 0.0000000000000000e+00 	 0.0000000000000000e+00 	 0.0000000000000000e+00 	 1.5747428101444757e+07

	 6.6464713126230848e+01 	 0.0000000000000000e+00 	 0.0000000000000000e+00 	 0.0000000000000000e+00 	 0.0000000000000000e+00 	 7.2290424075175708e-01
	 0.0000000000000000e+00 	 6.6464713126230848e+01 	 0.0000000000000000e+00 	 0.0000000000000000e+00 	 0.0000000000000000e+00 	 9.1012180905280582e-01
	 0.0000000000000000e+00 	 0.0000000000000000e+00 	 6.6464713126230848e+01 	 -7.2290424075175708e-01 	 -9.1012180905280582e-01 	 0.0000000000000000e+00
	 0.0000000000000000e+00 	 0.0000000000000000e+00 	 -7.2290424075175708e-01 	 1.8747376751944863e+01 	 -1.2429528247925101e-01 	 0.0000000000000000e+00
	 0.0000000000000000e+00 	 0.0000000000000000e+00 	 -9.1012180905280582e-01 	 -1.2429528247925101e-01 	 1.8719610454529527e+00 	 0.0000000000000000e+00
	 7.2290424075175708e-01 	 9.1012180905280582e-01 	 0.0000000000000000e+00 	 0.0000000000000000e+00 	 0.0000000000000000e+00 	 2.0619337797397769e+01

	 0.970000 
	 5.5240697953344705e+06 	 5.0027031902970705e+05 	 0.0000000000000000e+00 	 0.0000000000000000e+00 	 0.0000000000000000e+00 	 1.9825231548064302e+06
	 5.0027031902729854e+05 	 6.8282059862471282e+07 	 0.0000000000000000e+00 	 0.0000000000000000e+00 	 0.0000000000000000e+00 	 1.5363095776934549e+06
	 0.0000000000000000e+00 	 0.0000000000000000e+00 	 1.9066572852176471e+09 	 -1.3195536577433568e+08 	 -2.2242357821904365e+07 	 0.0000000000000000e+00
	 0.0000000000000000e+00 	 0.0000000000000000e+00 	 -1.3195536577433974e+08 	 2.3352011515594685e+08 	 1.6388325472257701e+06 	 0.0000000000000000e+00
	 0.0000000000000000e+00 	 0.0000000000000000e+00 	 -2.2242357821903005e+07 	 1.6388325472252746e+06 	 4.7707541265374884e+07 	 0.0000000000000000e+00
	 1.9825231548100475e+06 	 1.5363095776823906e+06 	 0.0000000000000000e+00 	 0.0000000000000000e+00 	 0.0000000000000000e+00 	 4.1219965660124184e+06

	 3.7538056188179148e+01 	 0.0000000000000000e+00 	 0.0000000000000000e+00 	 0.0000000000000000e+00 	 0.0000000000000000e+00 	 -2.5701935134689946e+00
	 0.0000000000000000e+00 	 3.7538056188179148e+01 	 0.0000000000000000e+00 	 0.0000000000000000e+00 	 0.0000000000000000e+00 	 5.5213189876591795e-01
	 0.0000000000000000e+00 	 0.0000000000000000e+00 	 3.7538056188179148e+01 	 2.5701935134689946e+00 	 -5.5213189876591795e-01 	 0.0000000000000000e+00
	 0.0000000000000000e+00 	 0.0000000000000000e+00 	 2.5701935134689946e+00 	 7.6667595186723343e+00 	 -1.0343920571393042e-01 	 0.0000000000000000e+00
	 0.0000000000000000e+00 	 0.0000000000000000e+00 	 -5.5213189876591795e-01 	 -1.0343920571393042e-01 	 7.8743128231311810e-01 	 0.0000000000000000e+00
	 -2.5701935134689946e+00 	 5.5213189876591795e-01 	 0.0000000000000000e+00 	 0.0000000000000000e+00 	 0.0000000000000000e+00 	 8.4541908009854545e+00

	 0.985000 
	 2.2192490837376593e+06 	 2.7166739917689579e+05 	 0.0000000000000000e+00 	 0.0000000000000000e+00 	 0.0000000000000000e+00 	 2.9144606719225924e+05
	 2.7166739917373913e+05 	 3.2811833345388170e+07 	 0.0000000000000000e+00 	 0.0000000000000000e+00 	 0.0000000000000000e+00 	 5.5705424374856288e+05
	 0.0000000000000000e+00 	 0.0000000000000000e+00 	 1.3878697822601119e+08 	 2.5999508295008462e+07 	 -1.8518523174307470e+06 	 0.0000000000000000e+00
	 0.0000000000000000e+00 	 0.0000000000000000e+00 	 2.5999508295009226e+07 	 1.9666491385550883e+07 	 -4.9008208478494070e+05 	 0.0000000000000000e+00
	 0.0000000000000000e+00 	 0.0000000000000000e+00 	 -1.8518523174296364e+06 	 -4.9008208478496521e+05 	 9.0292631122743257e+05 	 0.0000000000000000e+00
	 2.9144606719295820e+05 	 5.5705424374825659e+05 	 0.0000000000000000e+00 	 0.0000000000000000e+00 	 0.0000000000000000e+00 	 7.7005288383637602e+05

	 1.1844940542954051e+01 	 0.0000000000000000e+00 	 0.0000000000000000e+00 	 0.0000000000000000e+00 	 0.0000000000000000e+00 	 -2.2211534561526443e+00
	 0.0000000000000000e+00 	 1.1844940542954051e+01 	 0.0000000000000000e+00 	 0.0000000000000000e+00 	 0.0000000000000000e+00 	 1.5789463543382468e-01
	 0.0000000000000000e+00 	 0.0000000000000000e+00 	 1.1844940542954051e+01 	 2.2211534561526443e+00 	 -1.5789463543382468e-01 	 0.0000000000000000e+00
	 0.0000000000000000e+00 	 0.0000000000000000e+00 	 2.2211534561526443e+00 	 1.6819300302875591e+00 	 -4.1772161289098914e-02 	 0.0000000000000000e+00
	 0.0000000000000000e+00 	 0.0000000000000000e+00 	 -1.5789463543382468e-01 	 -4.1772161289098914e-02 	 7.7428063148920270e-02 	 0.0000000000000000e+00
	 -2.2211534561526443e+00 	 1.5789463543382468e-01 	 0.0000000000000000e+00 	 0.0000000000000000e+00 	 0.0000000000000000e+00 	 1.7593580934364779e+00

	 1.000000 
	 7.6289372742491018e+05 	 1.2443892989896772e+05 	 0.0000000000000000e+00 	 0.0000000000000000e+00 	 0.0000000000000000e+00 	 1.7642585694566431e+04
	 1.2443892989889570e+05 	 1.0876976397872452e+07 	 0.0000000000000000e+00 	 0.0000000000000000e+00 	 0.0000000000000000e+00 	 6.7153641339173540e+04
	 0.0000000000000000e+00 	 0.0000000000000000e+00 	 4.5628502617221214e+07 	 2.7564171186864660e+06 	 -2.5735676739527093e+05 	 0.0000000000000000e+00
	 0.0000000000000000e+00 	 0.0000000000000000e+00 	 2.7564171186865293e+06 	 6.9661727035745804e+05 	 -2.1975392243258226e+04 	 0.0000000000000000e+00
	 0.0000000000000000e+00 	 0.0000000000000000e+00 	 -2.5735676739527922e+05 	 -2.1975392243258175e+04 	 3.4543819841322278e+04 	 0.0000000000000000e+00
	 1.7642585694567748e+04 	 6.7153641339179376e+04 	 0.0000000000000000e+00 	 0.0000000000000000e+00 	 0.0000000000000000e+00 	 3.0173525762284891e+04

	 3.9492898248814816e+00 	 0.0000000000000000e+00 	 0.0000000000000000e+00 	 0.0000000000000000e+00 	 0.0000000000000000e+00 	 -2.4866637510383524e-01
	 0.0000000000000000e+00 	 3.9492898248814816e+00 	 0.0000000000000000e+00 	 0.0000000000000000e+00 	 0.0000000000000000e+00 	 2.2081946669192803e-02
	 0.0000000000000000e+00 	 0.0000000000000000e+00 	 3.9492898248814816e+00 	 2.4866637510383524e-01 	 -2.2081946669192803e-02 	 0.0000000000000000e+00
	 0.0000000000000000e+00 	 0.0000000000000000e+00 	 2.4866637510383524e-01 	 6.3149692965208587e-02 	 -1.9049303212553825e-03 	 0.0000000000000000e+00
	 0.0000000000000000e+00 	 0.0000000000000000e+00 	 -2.2081946669192803e-02 	 -1.9049303212553825e-03 	 2.9976181304348141e-03 	 0.0000000000000000e+00
	 -2.4866637510383524e-01 	 2.2081946669192803e-02 	 0.0000000000000000e+00 	 0.0000000000000000e+00 	 0.0000000000000000e+00 	 6.6147311095643480e-02

