------- AERODYN15 BLADE DEFINITION INPUT FILE -------------------------------------
Generated with OpenFAST_IO
======  Blade Properties =================================================================
101         NumBlNds    - Number of blade nodes used in the analysis (-)
    BlSpn        BlCrvAC        BlSwpAC        BlCrvAng       BlTwist        BlChord          BlAFID       BlCb        BlCenBn      BlCenBt
     (m)           (m)            (m)            (deg)         (deg)           (m)              (-)        (-)         (m)             (m)
 0.000000000000000e+00 -5.761410593056781e-03 -2.842193075739603e-02  3.195372170338563e-01  1.145915590261647e+01  5.800000000000000e+00        1  0.000000000000000e+00  0.000000000000000e+00  0.000000000000000e+00
 1.500000000000000e+00  2.604010822150373e-03  1.284674245239319e-02  3.267544679870448e-01  1.145850133379795e+01  5.800000000000000e+00        2  0.000000000000000e+00  0.000000000000000e+00  0.000000000000000e+00
 3.000000000000000e+00  1.134732060310423e-02  5.599171945487976e-02 -1.093538854126316e+00  1.145655148577865e+01  5.800000000000000e+00        3  0.000000000000000e+00  0.000000000000000e+00  0.000000000000000e+00
 4.500000000000000e+00 -5.465007355007662e-02 -2.697347434629497e-01 -3.794623030243258e+00  1.145332714621298e+01  5.853796588077955e+00        4  0.000000000000000e+00  0.000000000000000e+00  0.000000000000000e+00
 6.000000000000000e+00 -1.871934612127600e-01 -9.242956125846475e-01 -3.846503171593053e+00  1.144884910275533e+01  5.928021161587699e+00        5  0.000000000000000e+00  0.000000000000000e+00  0.000000000000000e+00
 7.500000000000000e+00 -2.559012561616369e-01 -1.264181061309495e+00 -1.171465933424368e+00  1.144313814306009e+01  6.000000000000000e+00        6  0.000000000000000e+00  0.000000000000000e+00  0.000000000000000e+00
 9.000000000000000e+00 -2.485270005689780e-01 -1.228469860908942e+00  2.641084848648698e-01  1.143621505478166e+01  6.103203605846258e+00        7  0.000000000000000e+00  0.000000000000000e+00  0.000000000000000e+00
 1.050000000000000e+01 -2.420726172036979e-01 -1.197357773158720e+00  2.448218013341008e-01  1.142810062557445e+01  6.250711811485865e+00        8  0.000000000000000e+00  0.000000000000000e+00  0.000000000000000e+00
 1.200000000000000e+01 -2.357082000349943e-01 -1.166717558557763e+00  2.520916015668895e-01  1.141881564309284e+01  6.416591170602343e+00        9  0.000000000000000e+00  0.000000000000000e+00  0.000000000000000e+00
 1.350000000000000e+01 -2.288731743987717e-01 -1.133740452499126e+00  2.872797026457706e-01  1.140838089499123e+01  6.574908236879214e+00       10  0.000000000000000e+00  0.000000000000000e+00  0.000000000000000e+00
 1.500000000000000e+01 -2.206663330045503e-01 -1.096910329995313e+00  3.535118376073765e-01  1.136648209385842e+01  6.699729564000000e+00       11  0.000000000000000e+00  0.000000000000000e+00  0.000000000000000e+00
 1.650000000000000e+01 -2.103634553049205e-01 -1.055705123657592e+00  4.251260898507033e-01  1.125667480528181e+01  6.796391971904234e+00       12  0.000000000000000e+00  0.000000000000000e+00  0.000000000000000e+00
 1.800000000000000e+01 -1.984069872387729e-01 -1.010480816814144e+00  4.775310826615027e-01  1.108904547795179e+01  6.885823117668002e+00       13  0.000000000000000e+00  0.000000000000000e+00  0.000000000000000e+00
 1.950000000000000e+01 -1.853602757570664e-01 -9.622400099493066e-01  5.092157551887369e-01  1.087399821269769e+01  6.965475810679652e+00       14  0.000000000000000e+00  0.000000000000000e+00  0.000000000000000e+00
 2.100000000000000e+01 -1.717448636445622e-01 -9.119390405186129e-01  5.208770534852898e-01  1.062193711034888e+01  7.032802860327535e+00       15  0.000000000000000e+00  0.000000000000000e+00  0.000000000000000e+00
 2.250000000000000e+01 -1.580875926823971e-01 -8.608097933855756e-01  5.098029145630482e-01  1.034326627173468e+01  7.085257076000000e+00       16  0.000000000000000e+00  0.000000000000000e+00  0.000000000000000e+00
 2.400000000000000e+01 -1.450519976729768e-01 -8.111904997919420e-01  4.760811725455363e-01  1.004838979768444e+01  7.129618330590426e+00       17  0.000000000000000e+00  0.000000000000000e+00  0.000000000000000e+00
 2.550000000000000e+01 -1.331603276219581e-01 -7.651100738126818e-01  4.273009672321420e-01  9.747711789027505e+00  7.171528074554229e+00       18  0.000000000000000e+00  0.000000000000000e+00  0.000000000000000e+00
 2.700000000000000e+01 -1.226787787445322e-01 -7.235435354343205e-01  3.752608441421639e-01  9.451636346593217e+00  7.206731483622820e+00       19  0.000000000000000e+00  0.000000000000000e+00  0.000000000000000e+00
 2.850000000000000e+01 -1.135118562452868e-01 -6.874918590739152e-01  3.310117327142365e-01  9.144946717960204e+00  7.230973733527607e+00       20  0.000000000000000e+00  0.000000000000000e+00  0.000000000000000e+00
 3.000000000000000e+01 -1.053471413608482e-01 -6.582594845780432e-01  2.996554177665012e-01  8.788564902143525e+00  7.240000000000000e+00       21  0.000000000000000e+00  0.000000000000000e+00  0.000000000000000e+00
 3.150000000000000e+01 -9.782200678754814e-02 -6.328877443037785e-01  2.825976546596380e-01  8.391951137176166e+00  7.234394584754477e+00       22  0.000000000000000e+00  0.000000000000000e+00  0.000000000000000e+00
 3.300000000000000e+01 -9.055042275809431e-02 -6.078392503302920e-01  2.688169578121734e-01  7.965832665711532e+00  7.219024994103429e+00       23  0.000000000000000e+00  0.000000000000000e+00  0.000000000000000e+00
 3.450000000000000e+01 -8.374683542875856e-02 -5.835024726942181e-01  2.483672445504600e-01  7.520936730403027e+00  7.196061210675143e+00       24  0.000000000000000e+00  0.000000000000000e+00  0.000000000000000e+00
 3.600000000000000e+01 -7.754598497076959e-02 -5.598803568005982e-01  2.227031685002496e-01  7.067990573904048e+00  7.167673217097906e+00       25  0.000000000000000e+00  0.000000000000000e+00  0.000000000000000e+00
 3.750000000000000e+01 -7.208615415558378e-02 -5.371653798559037e-01  1.939171998096847e-01  6.617721438868002e+00  7.136030996000000e+00       26  0.000000000000000e+00  0.000000000000000e+00  0.000000000000000e+00
 3.900000000000000e+01 -6.739252351632199e-02 -5.147143582979382e-01  1.639676452069843e-01  6.180856567948286e+00  7.091136707458515e+00       27  0.000000000000000e+00  0.000000000000000e+00  0.000000000000000e+00
 4.050000000000000e+01 -6.350084004739075e-02 -4.919465009236154e-01  1.333432477151196e-01  5.768123203798309e+00  7.025433519194118e+00       28  0.000000000000000e+00  0.000000000000000e+00  0.000000000000000e+00
 4.200000000000000e+01 -6.041069369506050e-02 -4.694077378862114e-01  1.071473592836427e-01  5.372939398531495e+00  6.944752925300463e+00       29  0.000000000000000e+00  0.000000000000000e+00  0.000000000000000e+00
 4.350000000000000e+01 -5.789062070443028e-02 -4.475892868005283e-01  8.295341471166795e-02  4.960299471060074e+00  6.854926419871206e+00       30  0.000000000000000e+00  0.000000000000000e+00  0.000000000000000e+00
 4.500000000000000e+01 -5.606726457500449e-02 -4.268811640145788e-01  5.560191776258516e-02  4.538445154611527e+00  6.761785497000000e+00       31  0.000000000000000e+00  0.000000000000000e+00  0.000000000000000e+00
 4.650000000000000e+01 -5.497931155524245e-02 -4.065355456087899e-01  2.585615238675569e-02  4.118051635311692e+00  6.656669163937800e+00       32  0.000000000000000e+00  0.000000000000000e+00  0.000000000000000e+00
 4.800000000000000e+01 -5.471343964781654e-02 -3.864236994342956e-01 -7.618527922526029e-03  3.709794099286396e+00  6.533408512326557e+00       33  0.000000000000000e+00  0.000000000000000e+00  0.000000000000000e+00
 4.950000000000000e+01 -5.537821674327658e-02 -3.669597939959632e-01 -4.492766659512491e-02  3.324347732661471e+00  6.401573162846411e+00       34  0.000000000000000e+00  0.000000000000000e+00  0.000000000000000e+00
 5.100000000000000e+01 -5.706584652871585e-02 -3.486846606683298e-01 -8.533636394048692e-02  2.972387721562749e+00  6.270732736177510e+00       35  0.000000000000000e+00  0.000000000000000e+00  0.000000000000000e+00
 5.250000000000000e+01 -5.984641665862279e-02 -3.321342044841159e-01 -1.274870401381591e-01  2.664589252116059e+00  6.150456852999999e+00       36  0.000000000000000e+00  0.000000000000000e+00  0.000000000000000e+00
 5.400000000000000e+01 -6.374104683273657e-02 -3.170447648285406e-01 -1.695182980375175e-01  2.411627510447234e+00  6.040849356614705e+00       37  0.000000000000000e+00  0.000000000000000e+00  0.000000000000000e+00
 5.550000000000000e+01 -6.872236103855769e-02 -3.031215398110538e-01 -2.078000998640647e-01  2.214575177953080e+00  5.935200641890237e+00       38  0.000000000000000e+00  0.000000000000000e+00  0.000000000000000e+00
 5.700000000000000e+01 -7.462141076575532e-02 -2.902335063150341e-01 -2.424830655971170e-01  2.042987423836999e+00  5.832860156858416e+00       39  0.000000000000000e+00  0.000000000000000e+00  0.000000000000000e+00
 5.850000000000000e+01 -8.141870676296586e-02 -2.781942876981972e-01 -2.769962215674300e-01  1.890305918170536e+00  5.733177349551064e+00       40  0.000000000000000e+00  0.000000000000000e+00  0.000000000000000e+00
 6.000000000000000e+01 -8.912484251485452e-02 -2.669977929874865e-01 -3.118234292726491e-01  1.752790131841188e+00  5.635501668000000e+00       41  0.000000000000000e+00  0.000000000000000e+00  0.000000000000000e+00
 6.150000000000000e+01 -9.774566274133169e-02 -2.562483180123459e-01 -3.471633257555090e-01  1.626699535736459e+00  5.539144964504553e+00       42  0.000000000000000e+00  0.000000000000000e+00  0.000000000000000e+00
 6.300000000000000e+01 -1.073021605195698e-01 -2.457841158586914e-01 -3.835654742029714e-01  1.508293600743853e+00  5.444404413948436e+00       43  0.000000000000000e+00  0.000000000000000e+00  0.000000000000000e+00
 6.450000000000000e+01 -1.178289539969682e-01 -2.357440802091536e-01 -4.213996771903928e-01  1.393831797750869e+00  5.352107448240042e+00       44  0.000000000000000e+00  0.000000000000000e+00  0.000000000000000e+00
 6.600000000000000e+01 -1.293663970986848e-01 -2.263613052078932e-01 -4.607986067977720e-01  1.279573597645010e+00  5.263081499287765e+00       45  0.000000000000000e+00  0.000000000000000e+00  0.000000000000000e+00
 6.750000000000000e+01 -1.419560525323395e-01 -2.178001566866962e-01 -5.019513096578520e-01  1.161778471313778e+00  5.178153999000000e+00       46  0.000000000000000e+00  0.000000000000000e+00  0.000000000000000e+00
 6.900000000000000e+01 -1.556481700230377e-01 -2.100890543534995e-01 -5.457916410091076e-01  1.039022782116879e+00  5.097612895182112e+00       47  0.000000000000000e+00  0.000000000000000e+00  0.000000000000000e+00
 7.050000000000000e+01 -1.705332038327216e-01 -2.033579998381518e-01 -5.924392194454863e-01  9.201579772385222e-01  5.020593122009591e+00       48  0.000000000000000e+00  0.000000000000000e+00  0.000000000000000e+00
 7.200000000000000e+01 -1.866676622617423e-01 -1.976797887899175e-01 -6.411698261578535e-01  8.053402462012069e-01  4.946192590946014e+00       49  0.000000000000000e+00  0.000000000000000e+00  0.000000000000000e+00
 7.350000000000000e+01 -2.041040767471878e-01 -1.930743034534273e-01 -6.919769961757440e-01  6.931984207181533e-01  4.873509213454957e+00       50  0.000000000000000e+00  0.000000000000000e+00  0.000000000000000e+00
 7.500000000000000e+01 -2.228986122626078e-01 -1.896550185956398e-01 -7.449030169347710e-01  5.823613325025832e-01  4.801640901000000e+00       51  0.000000000000000e+00  0.000000000000000e+00  0.000000000000000e+00
 7.650000000000000e+01 -2.431060087610070e-01 -1.871521740949446e-01 -7.999973435651238e-01  4.714578132677177e-01  4.731003794984631e+00       52  0.000000000000000e+00  0.000000000000000e+00  0.000000000000000e+00
 7.800000000000000e+01 -2.647850142029967e-01 -1.852230118660648e-01 -8.574507667595942e-01  3.591166947267786e-01  4.662135669812754e+00       53  0.000000000000000e+00  0.000000000000000e+00  0.000000000000000e+00
 7.950000000000000e+01 -2.880003501119466e-01 -1.837710094904933e-01 -9.174315708695556e-01  2.439668085929866e-01  4.594316886448560e+00       54  0.000000000000000e+00  0.000000000000000e+00  0.000000000000000e+00
 8.100000000000000e+01 -3.128195662605852e-01 -1.826570697949594e-01 -9.800687380199482e-01  1.246369865795635e-01  4.526827805856243e+00       55  0.000000000000000e+00  0.000000000000000e+00  0.000000000000000e+00
 8.250000000000000e+01 -3.393141267851542e-01 -1.818359316153740e-01 -1.045610063529062e+00 -4.071508446722065e-05  4.458948789000000e+00       56  0.000000000000000e+00  0.000000000000000e+00  0.000000000000000e+00
 8.400000000000000e+01 -3.675645423481518e-01 -1.811486445693719e-01 -1.114287664080942e+00 -1.292376495334791e-01  4.390429117725714e+00       57  0.000000000000000e+00  0.000000000000000e+00  0.000000000000000e+00
 8.550000000000000e+01 -3.976544146618860e-01 -1.805607534352857e-01 -1.186190704529710e+00 -2.620688939593653e-01  4.321748258057315e+00       58  0.000000000000000e+00  0.000000000000000e+00  0.000000000000000e+00
 8.700000000000000e+01 -4.296689057378827e-01 -1.800796121663952e-01 -1.261404302929895e+00 -3.978397290517700e-01  4.253281847226059e+00       59  0.000000000000000e+00  0.000000000000000e+00  0.000000000000000e+00
 8.850000000000000e+01 -4.636960542700285e-01 -1.796297487955394e-01 -1.340038461723885e+00 -5.358554355003419e-01  4.185405522463200e+00       60  0.000000000000000e+00  0.000000000000000e+00  0.000000000000000e+00
 9.000000000000000e+01 -4.998267590248668e-01 -1.791420811374697e-01 -1.422086763269837e+00 -6.754212939947249e-01  4.118494921000000e+00       61  0.000000000000000e+00  0.000000000000000e+00  0.000000000000000e+00
 9.150000000000000e+01 -5.381486982587296e-01 -1.789789000760967e-01 -1.507499078532374e+00 -8.158425852245652e-01  4.052457456902256e+00       62  0.000000000000000e+00  0.000000000000000e+00  0.000000000000000e+00
 9.300000000000000e+01 -5.787501195568611e-01 -1.793911016157258e-01 -1.596427774847714e+00 -9.564245898795084e-01  3.987024400430311e+00       63  0.000000000000000e+00  0.000000000000000e+00  0.000000000000000e+00
 9.450000000000000e+01 -6.217266459197424e-01 -1.802362289574020e-01 -1.689071952232500e+00 -1.096472588649200e+00  3.922307173107239e+00       64  0.000000000000000e+00  0.000000000000000e+00  0.000000000000000e+00
 9.600000000000000e+01 -6.671769107979701e-01 -1.813806004943500e-01 -1.785418756302948e+00 -1.235473006805078e+00  3.858417196456112e+00       65  0.000000000000000e+00  0.000000000000000e+00  0.000000000000000e+00
 9.750000000000000e+01 -7.151958247036262e-01 -1.827370122126023e-01 -1.885538134426931e+00 -1.374893066884927e+00  3.795465892000000e+00       66  0.000000000000000e+00  0.000000000000000e+00  0.000000000000000e+00
 9.900000000000000e+01 -7.658856376007637e-01 -1.841946728296372e-01 -1.989694513529155e+00 -1.515068290022904e+00  3.733720135435473e+00       67  0.000000000000000e+00  0.000000000000000e+00  0.000000000000000e+00
 1.005000000000000e+02 -8.193550478167542e-01 -1.855965463321906e-01 -2.098027812279745e+00 -1.655813854975026e+00  3.673077668807514e+00       68  0.000000000000000e+00  0.000000000000000e+00  0.000000000000000e+00
 1.020000000000000e+02 -8.757135695001853e-01 -1.868857797025550e-01 -2.209209343321616e+00 -1.796944940497306e+00  3.613096213161818e+00       69  0.000000000000000e+00  0.000000000000000e+00  0.000000000000000e+00
 1.035000000000000e+02 -9.350003182565574e-01 -1.901743574004014e-01 -2.324724873512110e+00 -1.938276725345761e+00  3.553333489544081e+00       70  0.000000000000000e+00  0.000000000000000e+00  0.000000000000000e+00
 1.050000000000000e+02 -9.974024842684527e-01 -1.929894069950835e-01 -2.446001806151766e+00 -2.079624388276406e+00  3.493347218999999e+00       71  0.000000000000000e+00  0.000000000000000e+00  0.000000000000000e+00
 1.065000000000000e+02 -1.063033774838001e+00 -1.954467325923400e-01 -2.571603253647234e+00 -2.220803108045256e+00  3.433161371507144e+00       72  0.000000000000000e+00  0.000000000000000e+00  0.000000000000000e+00
 1.080000000000000e+02 -1.132006112449198e+00 -1.977383924858458e-01 -2.701697837364561e+00 -2.361628063408329e+00  3.373070589951859e+00       73  0.000000000000000e+00  0.000000000000000e+00  0.000000000000000e+00
 1.095000000000000e+02 -1.204441926772881e+00 -1.998278245638314e-01 -2.836505535039515e+00 -2.501942870828401e+00  3.313038604743002e+00       74  0.000000000000000e+00  0.000000000000000e+00  0.000000000000000e+00
 1.110000000000000e+02 -1.280464535326630e+00 -2.016805618800861e-01 -2.976025572009664e+00 -2.642129430896036e+00  3.253029146289430e+00       75  0.000000000000000e+00  0.000000000000000e+00  0.000000000000000e+00
 1.125000000000000e+02 -1.360196204021656e+00 -2.033600180694637e-01 -3.120421905956736e+00 -2.782315673375670e+00  3.193005945000000e+00       76  0.000000000000000e+00  0.000000000000000e+00  0.000000000000000e+00
 1.140000000000000e+02 -1.443768687726776e+00 -2.047944818962814e-01 -3.269900830693410e+00 -2.922437989158387e+00  3.132378684817605e+00       77  0.000000000000000e+00  0.000000000000000e+00  0.000000000000000e+00
 1.155000000000000e+02 -1.531314885602638e+00 -2.059519065803663e-01 -3.424444442604252e+00 -3.062432769135273e+00  3.071171540938106e+00       78  0.000000000000000e+00  0.000000000000000e+00  0.000000000000000e+00
 1.170000000000000e+02 -1.622965447387052e+00 -2.068921471672810e-01 -3.584012063274764e+00 -3.202236404197409e+00  3.010269980649803e+00       79  0.000000000000000e+00  0.000000000000000e+00  0.000000000000000e+00
 1.185000000000000e+02 -1.718850962336068e+00 -2.077104347929530e-01 -3.748701657007759e+00 -3.341785285235884e+00  2.950559471241000e+00       80  0.000000000000000e+00  0.000000000000000e+00  0.000000000000000e+00
 1.200000000000000e+02 -1.819106999499718e+00 -2.084477550926307e-01 -3.918560499378402e+00 -3.481015803141779e+00  2.892925480000000e+00       81  0.000000000000000e+00  0.000000000000000e+00  0.000000000000000e+00
 1.215000000000000e+02 -1.923866398606823e+00 -2.092233951383380e-01 -4.093701550266530e+00 -3.619864348806180e+00  2.837668814544831e+00       82  0.000000000000000e+00  0.000000000000000e+00  0.000000000000000e+00
 1.230000000000000e+02 -2.033270389139686e+00 -2.100505708617706e-01 -4.274440246870769e+00 -3.758284425366401e+00  2.784112518347690e+00       83  0.000000000000000e+00  0.000000000000000e+00  0.000000000000000e+00
 1.245000000000000e+02 -2.147468018355253e+00 -2.108321367757316e-01 -4.461033249940160e+00 -3.896833616440529e+00  2.731675412478133e+00       84  0.000000000000000e+00  0.000000000000000e+00  0.000000000000000e+00
 1.260000000000000e+02 -2.266613617329351e+00 -2.114714603811677e-01 -4.653683638505247e+00 -4.035602236799753e+00  2.679776318005719e+00       85  0.000000000000000e+00  0.000000000000000e+00  0.000000000000000e+00
 1.275000000000000e+02 -2.390866499912749e+00 -2.118722011816681e-01 -4.852327652857384e+00 -4.174309890399096e+00  2.627834056000000e+00       86  0.000000000000000e+00  0.000000000000000e+00  0.000000000000000e+00
 1.290000000000000e+02 -2.520377302642075e+00 -2.121016168173634e-01 -5.056879098233027e+00 -4.312676181193579e+00  2.577252658246781e+00       87  0.000000000000000e+00  0.000000000000000e+00  0.000000000000000e+00
 1.305000000000000e+02 -2.655300448564598e+00 -2.122048738826038e-01 -5.267978218296472e+00 -4.450420713138227e+00  2.528414077439364e+00       88  0.000000000000000e+00  0.000000000000000e+00  0.000000000000000e+00
 1.320000000000000e+02 -2.795819533433953e+00 -2.118922109712094e-01 -5.486074683336254e+00 -4.587263090188059e+00  2.479204016008556e+00       89  0.000000000000000e+00  0.000000000000000e+00  0.000000000000000e+00
 1.335000000000000e+02 -2.942111926524651e+00 -2.110159087348970e-01 -5.711290628544613e+00 -4.722922916298097e+00  2.427508176385166e+00       90  0.000000000000000e+00  0.000000000000000e+00  0.000000000000000e+00
 1.350000000000000e+02 -3.094367029776022e+00 -2.093349633431324e-01 -5.948666306309042e+00 -4.857119795423364e+00  2.371212261000000e+00       91  0.000000000000000e+00  0.000000000000000e+00  0.000000000000000e+00
 1.365000000000000e+02 -3.253024089101110e+00 -2.038029143511957e-01 -6.192831053407759e+00 -4.989577399043722e+00  2.311808143091345e+00       92  0.000000000000000e+00  0.000000000000000e+00  0.000000000000000e+00
 1.380000000000000e+02 -3.417991924717473e+00 -1.976103587298896e-01 -6.439113063134827e+00 -5.120641707112742e+00  2.250118270100973e+00       93  0.000000000000000e+00  0.000000000000000e+00  0.000000000000000e+00
 1.395000000000000e+02 -3.589465999817385e+00 -1.905373740354462e-01 -6.693129784839627e+00 -5.250668844741213e+00  2.183024205764930e+00       94  0.000000000000000e+00  0.000000000000000e+00  0.000000000000000e+00
 1.410000000000000e+02 -3.767646866554204e+00 -1.823749491027306e-01 -6.955053992251801e+00 -5.379644887787405e+00  2.107407513819257e+00       95  0.000000000000000e+00  0.000000000000000e+00  0.000000000000000e+00
 1.425000000000000e+02 -3.952738091961820e+00 -1.729308500380264e-01 -7.233868800309623e+00 -5.507555912109586e+00  2.020149757999999e+00       96  0.000000000000000e+00  0.000000000000000e+00  0.000000000000000e+00
 1.440000000000000e+02 -4.145405884167600e+00 -1.573685995852142e-01 -7.539828197279447e+00 -5.634387993566028e+00  1.900000000000000e+00       97  0.000000000000000e+00  0.000000000000000e+00  0.000000000000000e+00
 1.455000000000000e+02 -4.346384132498985e+00 -1.306329083544051e-01 -7.861041764839037e+00 -5.760127208015002e+00  1.682891678000000e+00       98  0.000000000000000e+00  0.000000000000000e+00  0.000000000000000e+00
 1.470000000000000e+02 -4.555718937950833e+00 -9.479403241745721e-02 -8.177794794793542e+00 -5.884759631314777e+00  1.333402909000000e+00       99  0.000000000000000e+00  0.000000000000000e+00  0.000000000000000e+00
 1.485000000000000e+02 -4.773120126470682e+00 -5.496126221523969e-02 -8.475223424040136e+00 -6.008271339323622e+00  8.922126849999999e-01      100  0.000000000000000e+00  0.000000000000000e+00  0.000000000000000e+00
 1.500000000000000e+02 -4.997864081139718e+00 -1.988561919132239e-02 -8.617034557362867e+00 -6.130648407899808e+00  3.999999999999998e-01      101  0.000000000000000e+00  0.000000000000000e+00  0.000000000000000e+00
