------- AERODYN15 BLADE DEFINITION INPUT FILE -------------------------------------
Generated with OpenFAST_IO
======  Blade Properties =================================================================
50         NumBlNds    - Number of blade nodes used in the analysis (-)
BlSpn  BlCrvAC  BlSwpAC  BlCrvAng  BlTwist  BlChord  BlAFID  t_c  BlCb  BlCenBn  BlCenBt  BlCpn  BlCpt  BlCan  BlCat  BlCam
(m)  (m)  (m)  (deg)  (deg)  (m)  (-)  (-)  (-)  (m)  (m)  (-)  (-)  (-)  (-)  (-)
0.000000000000000e+00  -5.761410593056781e-03  -2.842193075739603e-02  3.195372170338563e-01  1.145915590261647e+01  5.800000000000000e+00  1  1.000000  0.000000000000000e+00  0.000000000000000e+00  0.000000000000000e+00  0.0  0.0  0.0  0.0  0.0
1.500000000000000e+00  2.604010822150373e-03  1.284674245239319e-02  3.267544679870448e-01  1.145850133379795e+01  5.800000000000000e+00  2  1.000000  0.000000000000000e+00  0.000000000000000e+00  0.000000000000000e+00  0.0  0.0  0.0  0.0  0.0
3.000000000000000e+00  1.134732060310423e-02  5.599171945487976e-02  -1.093538854126316e+00  1.145655148577865e+01  5.800000000000000e+00  3  1.000000  0.000000000000000e+00  0.000000000000000e+00  0.000000000000000e+00  0.0  0.0  0.0  0.0  0.0
4.500000000000000e+00  -5.465007355007662e-02  -2.697347434629497e-01  -3.794623030243258e+00  1.145332714621298e+01  5.853796588077955e+00  4  0.966667  0.000000000000000e+00  0.000000000000000e+00  0.000000000000000e+00  0.0  0.0  0.0  0.0  0.0
6.000000000000000e+00  -1.871934612127600e-01  -9.242956125846475e-01  -3.846503171593053e+00  1.144884910275533e+01  5.928021161587699e+00  5  0.933333  0.000000000000000e+00  0.000000000000000e+00  0.000000000000000e+00  0.0  0.0  0.0  0.0  0.0
7.500000000000000e+00  -2.559012561616369e-01  -1.264181061309495e+00  -1.171465933424368e+00  1.144313814306009e+01  6.000000000000000e+00  6  0.900000  0.000000000000000e+00  0.000000000000000e+00  0.000000000000000e+00  0.0  0.0  0.0  0.0  0.0
9.000000000000000e+00  -2.485270005689780e-01  -1.228469860908942e+00  2.641084848648698e-01  1.143621505478166e+01  6.103203605846258e+00  7  0.843796  0.000000000000000e+00  0.000000000000000e+00  0.000000000000000e+00  0.0  0.0  0.0  0.0  0.0
1.050000000000000e+01  -2.420726172036979e-01  -1.197357773158720e+00  2.448218013341008e-01  1.142810062557445e+01  6.250711811485865e+00  8  0.787592  0.000000000000000e+00  0.000000000000000e+00  0.000000000000000e+00  0.0  0.0  0.0  0.0  0.0
1.200000000000000e+01  -2.357082000349943e-01  -1.166717558557763e+00  2.520916015668895e-01  1.141881564309284e+01  6.416591170602343e+00  9  0.731388  0.000000000000000e+00  0.000000000000000e+00  0.000000000000000e+00  0.0  0.0  0.0  0.0  0.0
1.350000000000000e+01  -2.288731743987717e-01  -1.133740452499126e+00  2.872797026457706e-01  1.140838089499123e+01  6.574908236879214e+00  10  0.675184  0.000000000000000e+00  0.000000000000000e+00  0.000000000000000e+00  0.0  0.0  0.0  0.0  0.0
1.650000000000000e+01  -2.103634553049205e-01  -1.055705123657592e+00  4.251260898507033e-01  1.125667480528181e+01  6.796391971904234e+00  11  0.562776  0.000000000000000e+00  0.000000000000000e+00  0.000000000000000e+00  0.0  0.0  0.0  0.0  0.0
1.950000000000000e+01  -1.853602757570664e-01  -9.622400099493066e-01  5.092157551887369e-01  1.087399821269769e+01  6.965475810679652e+00  12  0.499808  0.000000000000000e+00  0.000000000000000e+00  0.000000000000000e+00  0.0  0.0  0.0  0.0  0.0
2.250000000000000e+01  -1.580875926823971e-01  -8.608097933855756e-01  5.098029145630482e-01  1.034326627173468e+01  7.085257076000000e+00  13  0.444162  0.000000000000000e+00  0.000000000000000e+00  0.000000000000000e+00  0.0  0.0  0.0  0.0  0.0
2.550000000000000e+01  -1.331603276219581e-01  -7.651100738126818e-01  4.273009672321420e-01  9.747711789027505e+00  7.171528074554229e+00  14  0.412955  0.000000000000000e+00  0.000000000000000e+00  0.000000000000000e+00  0.0  0.0  0.0  0.0  0.0
2.850000000000000e+01  -1.135118562452868e-01  -6.874918590739152e-01  3.310117327142365e-01  9.144946717960204e+00  7.230973733527607e+00  15  0.398866  0.000000000000000e+00  0.000000000000000e+00  0.000000000000000e+00  0.0  0.0  0.0  0.0  0.0
3.300000000000000e+01  -9.055042275809431e-02  -6.078392503302920e-01  2.688169578121734e-01  7.965832665711532e+00  7.219024994103429e+00  16  0.377732  0.000000000000000e+00  0.000000000000000e+00  0.000000000000000e+00  0.0  0.0  0.0  0.0  0.0
3.750000000000000e+01  -7.208615415558378e-02  -5.371653798559037e-01  1.939171998096847e-01  6.617721438868002e+00  7.136030996000000e+00  17  0.358384  0.000000000000000e+00  0.000000000000000e+00  0.000000000000000e+00  0.0  0.0  0.0  0.0  0.0
4.200000000000000e+01  -6.041069369506050e-02  -4.694077378862114e-01  1.071473592836427e-01  5.372939398531495e+00  6.944752925300463e+00  18  0.348345  0.000000000000000e+00  0.000000000000000e+00  0.000000000000000e+00  0.0  0.0  0.0  0.0  0.0
4.650000000000000e+01  -5.497931155524245e-02  -4.065355456087899e-01  2.585615238675569e-02  4.118051635311692e+00  6.656669163937800e+00  19  0.338306  0.000000000000000e+00  0.000000000000000e+00  0.000000000000000e+00  0.0  0.0  0.0  0.0  0.0
5.100000000000000e+01  -5.706584652871585e-02  -3.486846606683298e-01  -8.533636394048692e-02  2.972387721562749e+00  6.270732736177510e+00  20  0.328866  0.000000000000000e+00  0.000000000000000e+00  0.000000000000000e+00  0.0  0.0  0.0  0.0  0.0
5.550000000000000e+01  -6.872236103855769e-02  -3.031215398110538e-01  -2.078000998640647e-01  2.214575177953080e+00  5.935200641890237e+00  21  0.320437  0.000000000000000e+00  0.000000000000000e+00  0.000000000000000e+00  0.0  0.0  0.0  0.0  0.0
6.000000000000000e+01  -8.912484251485452e-02  -2.669977929874865e-01  -3.118234292726491e-01  1.752790131841188e+00  5.635501668000000e+00  22  0.312008  0.000000000000000e+00  0.000000000000000e+00  0.000000000000000e+00  0.0  0.0  0.0  0.0  0.0
6.450000000000000e+01  -1.178289539969682e-01  -2.357440802091536e-01  -4.213996771903928e-01  1.393831797750869e+00  5.352107448240042e+00  23  0.303579  0.000000000000000e+00  0.000000000000000e+00  0.000000000000000e+00  0.0  0.0  0.0  0.0  0.0
6.900000000000000e+01  -1.556481700230377e-01  -2.100890543534995e-01  -5.457916410091076e-01  1.039022782116879e+00  5.097612895182112e+00  24  0.294447  0.000000000000000e+00  0.000000000000000e+00  0.000000000000000e+00  0.0  0.0  0.0  0.0  0.0
7.350000000000000e+01  -2.041040767471878e-01  -1.930743034534273e-01  -6.919769961757440e-01  6.931984207181533e-01  4.873509213454957e+00  25  0.285004  0.000000000000000e+00  0.000000000000000e+00  0.000000000000000e+00  0.0  0.0  0.0  0.0  0.0
7.800000000000000e+01  -2.647850142029967e-01  -1.852230118660648e-01  -8.574507667595942e-01  3.591166947267786e-01  4.662135669812754e+00  26  0.275562  0.000000000000000e+00  0.000000000000000e+00  0.000000000000000e+00  0.0  0.0  0.0  0.0  0.0
8.250000000000000e+01  -3.393141267851542e-01  -1.818359316153740e-01  -1.045610063529062e+00  -4.071508446722065e-05  4.458948789000000e+00  27  0.268276  0.000000000000000e+00  0.000000000000000e+00  0.000000000000000e+00  0.0  0.0  0.0  0.0  0.0
8.700000000000000e+01  -4.296689057378827e-01  -1.800796121663952e-01  -1.261404302929895e+00  -3.978397290517700e-01  4.253281847226059e+00  28  0.264079  0.000000000000000e+00  0.000000000000000e+00  0.000000000000000e+00  0.0  0.0  0.0  0.0  0.0
9.150000000000000e+01  -5.381486982587296e-01  -1.789789000760967e-01  -1.507499078532374e+00  -8.158425852245652e-01  4.052457456902256e+00  29  0.259883  0.000000000000000e+00  0.000000000000000e+00  0.000000000000000e+00  0.0  0.0  0.0  0.0  0.0
9.600000000000000e+01  -6.671769107979701e-01  -1.813806004943500e-01  -1.785418756302948e+00  -1.235473006805078e+00  3.858417196456112e+00  30  0.255687  0.000000000000000e+00  0.000000000000000e+00  0.000000000000000e+00  0.0  0.0  0.0  0.0  0.0
1.005000000000000e+02  -8.193550478167542e-01  -1.855965463321906e-01  -2.098027812279745e+00  -1.655813854975026e+00  3.673077668807514e+00  31  0.251491  0.000000000000000e+00  0.000000000000000e+00  0.000000000000000e+00  0.0  0.0  0.0  0.0  0.0
1.050000000000000e+02  -9.974024842684527e-01  -1.929894069950835e-01  -2.446001806151766e+00  -2.079624388276406e+00  3.493347218999999e+00  32  0.247294  0.000000000000000e+00  0.000000000000000e+00  0.000000000000000e+00  0.0  0.0  0.0  0.0  0.0
1.095000000000000e+02  -1.204441926772881e+00  -1.998278245638314e-01  -2.836505535039515e+00  -2.501942870828401e+00  3.313038604743002e+00  33  0.243098  0.000000000000000e+00  0.000000000000000e+00  0.000000000000000e+00  0.0  0.0  0.0  0.0  0.0
1.140000000000000e+02  -1.443768687726776e+00  -2.047944818962814e-01  -3.269900830693410e+00  -2.922437989158387e+00  3.132378684817605e+00  34  0.241000  0.000000000000000e+00  0.000000000000000e+00  0.000000000000000e+00  0.0  0.0  0.0  0.0  0.0
1.185000000000000e+02  -1.718850962336068e+00  -2.077104347929530e-01  -3.748701657007759e+00  -3.341785285235884e+00  2.950559471241000e+00  35  0.241000  0.000000000000000e+00  0.000000000000000e+00  0.000000000000000e+00  0.0  0.0  0.0  0.0  0.0
1.215000000000000e+02  -1.923866398606823e+00  -2.092233951383380e-01  -4.093701550266530e+00  -3.619864348806180e+00  2.837668814544831e+00  36  0.241000  0.000000000000000e+00  0.000000000000000e+00  0.000000000000000e+00  0.0  0.0  0.0  0.0  0.0
1.245000000000000e+02  -2.147468018355253e+00  -2.108321367757316e-01  -4.461033249940160e+00  -3.896833616440529e+00  2.731675412478133e+00  37  0.239611  0.000000000000000e+00  0.000000000000000e+00  0.000000000000000e+00  0.0  0.0  0.0  0.0  0.0
1.275000000000000e+02  -2.390866499912749e+00  -2.118722011816681e-01  -4.852327652857384e+00  -4.174309890399096e+00  2.627834056000000e+00  38  0.236245  0.000000000000000e+00  0.000000000000000e+00  0.000000000000000e+00  0.0  0.0  0.0  0.0  0.0
1.305000000000000e+02  -2.655300448564598e+00  -2.122048738826038e-01  -5.267978218296472e+00  -4.450420713138227e+00  2.528414077439364e+00  39  0.232879  0.000000000000000e+00  0.000000000000000e+00  0.000000000000000e+00  0.0  0.0  0.0  0.0  0.0
1.335000000000000e+02  -2.942111926524651e+00  -2.110159087348970e-01  -5.711290628544613e+00  -4.722922916298097e+00  2.427508176385166e+00  40  0.229513  0.000000000000000e+00  0.000000000000000e+00  0.000000000000000e+00  0.0  0.0  0.0  0.0  0.0
1.365000000000000e+02  -3.253024089101110e+00  -2.038029143511957e-01  -6.192831053407759e+00  -4.989577399043722e+00  2.311808143091345e+00  41  0.226147  0.000000000000000e+00  0.000000000000000e+00  0.000000000000000e+00  0.0  0.0  0.0  0.0  0.0
1.380000000000000e+02  -3.417991924717473e+00  -1.976103587298896e-01  -6.439113063134827e+00  -5.120641707112742e+00  2.250118270100973e+00  42  0.224464  0.000000000000000e+00  0.000000000000000e+00  0.000000000000000e+00  0.0  0.0  0.0  0.0  0.0
1.395000000000000e+02  -3.589465999817385e+00  -1.905373740354462e-01  -6.693129784839627e+00  -5.250668844741213e+00  2.183024205764930e+00  43  0.222781  0.000000000000000e+00  0.000000000000000e+00  0.000000000000000e+00  0.0  0.0  0.0  0.0  0.0
1.410000000000000e+02  -3.767646866554204e+00  -1.823749491027306e-01  -6.955053992251801e+00  -5.379644887787405e+00  2.107407513819257e+00  44  0.221098  0.000000000000000e+00  0.000000000000000e+00  0.000000000000000e+00  0.0  0.0  0.0  0.0  0.0
1.425000000000000e+02  -3.952738091961820e+00  -1.729308500380264e-01  -7.233868800309623e+00  -5.507555912109586e+00  2.020149757999999e+00  45  0.219415  0.000000000000000e+00  0.000000000000000e+00  0.000000000000000e+00  0.0  0.0  0.0  0.0  0.0
1.440000000000000e+02  -4.145405884167600e+00  -1.573685995852142e-01  -7.539828197279447e+00  -5.634387993566028e+00  1.900000000000000e+00  46  0.217732  0.000000000000000e+00  0.000000000000000e+00  0.000000000000000e+00  0.0  0.0  0.0  0.0  0.0
1.455000000000000e+02  -4.346384132498985e+00  -1.306329083544051e-01  -7.861041764839037e+00  -5.760127208015002e+00  1.682891678000000e+00  47  0.216049  0.000000000000000e+00  0.000000000000000e+00  0.000000000000000e+00  0.0  0.0  0.0  0.0  0.0
1.470000000000000e+02  -4.555718937950833e+00  -9.479403241745721e-02  -8.177794794793542e+00  -5.884759631314777e+00  1.333402909000000e+00  48  0.214366  0.000000000000000e+00  0.000000000000000e+00  0.000000000000000e+00  0.0  0.0  0.0  0.0  0.0
1.485000000000000e+02  -4.773120126470682e+00  -5.496126221523969e-02  -8.475223424040136e+00  -6.008271339323622e+00  8.922126849999999e-01  49  0.212683  0.000000000000000e+00  0.000000000000000e+00  0.000000000000000e+00  0.0  0.0  0.0  0.0  0.0
1.500000000000000e+02  -4.997864081139718e+00  -1.988561919132239e-02  -8.617034557362867e+00  -6.130648407899808e+00  3.999999999999998e-01  50  0.211000  0.000000000000000e+00  0.000000000000000e+00  0.000000000000000e+00  0.0  0.0  0.0  0.0  0.0
