------- ELASTODYN INDIVIDUAL BLADE INPUT FILE --------------------------
Generated with OpenFAST_IO
---------------------- BLADE PARAMETERS ----------------------------------------
101                    NBlInpSt    - Number of blade input stations (-)
1.0                    BldFlDmp(1) - Blade flap mode #1 structural damping in percent of critical (%)
1.0                    BldFlDmp(2) - Blade flap mode #2 structural damping in percent of critical (%)
1.0                    BldEdDmp(1) - Blade edge mode #1 structural damping in percent of critical (%)
---------------------- BLADE ADJUSTMENT FACTORS --------------------------------
1.0                    FlStTunr(1) - Blade flapwise modal stiffness tuner, 1st mode (-)
1.0                    FlStTunr(2) - Blade flapwise modal stiffness tuner, 2nd mode (-)
1.0                    AdjBlMs     - Factor to adjust blade mass density (-)
1.0                    AdjFlSt     - Factor to adjust blade flap stiffness (-)
1.0                    AdjEdSt     - Factor to adjust blade edge stiffness (-)
---------------------- DISTRIBUTED BLADE PROPERTIES ----------------------------
    BlFract      PitchAxis      StrcTwst       BMassDen        FlpStff        EdgStff
      (-)           (-)          (deg)          (kg/m)         (Nm^2)         (Nm^2)
 0.000000000000000e+00  5.050000000000000e-01  1.145915590261647e+01  3.556902568910511e+03  2.087891230294592e+11  2.087981704163950e+11
 1.000000000000000e-02  4.977400000000000e-01  1.145850133379795e+01  3.556902568910511e+03  2.087891230294592e+11  2.087981704163950e+11
 2.000000000000000e-02  4.901500000000000e-01  1.145655148577865e+01  3.556902568910511e+03  2.087891230294592e+11  2.087981704163949e+11
 3.000000000000000e-02  4.822000000000000e-01  1.145332714621298e+01  3.536672292006613e+03  2.028590831235831e+11  2.069441280528453e+11
 4.000000000000000e-02  4.739000000000000e-01  1.144884910275533e+01  2.474057049475181e+03  1.320371014910881e+11  1.524596209442864e+11
 5.000000000000000e-02  4.649700000000000e-01  1.144313814306009e+01  1.785244839219356e+03  8.793861144488213e+10  1.172580405713895e+11
 6.000000000000000e-02  4.553600000000000e-01  1.143621505478166e+01  1.501872126637448e+03  1.344458085068175e+11  1.141657682187230e+11
 7.000000000000001e-02  4.454300000000000e-01  1.142810062557445e+01  1.256986477652173e+03  1.255203751884875e+11  1.016148921200011e+11
 8.000000000000000e-02  4.355000000000000e-01  1.141881564309284e+01  1.324449613761229e+03  1.203474132013938e+11  1.017074775833124e+11
 9.000000000000000e-02  4.259100000000000e-01  1.140838089499123e+01  1.248911369716660e+03  1.119929589479785e+11  1.007079253972807e+11
 1.000000000000000e-01  4.170000000000000e-01  1.136648209385842e+01  1.214207569316464e+03  1.046956482015736e+11  1.029640320976826e+11
 1.100000000000000e-01  4.083800000000000e-01  1.125667480528181e+01  1.151774121104892e+03  9.835099697245381e+10  1.031860116448773e+11
 1.200000000000000e-01  3.995400000000000e-01  1.108904547795179e+01  1.115587321986079e+03  9.500016043551451e+10  1.044987461375423e+11
 1.300000000000000e-01  3.906700000000000e-01  1.087399821269769e+01  1.077206275871965e+03  8.991968266926582e+10  1.039885772417565e+11
 1.400000000000000e-01  3.819300000000000e-01  1.062193711034888e+01  1.041744200296322e+03  8.107888589163287e+10  1.027112985684330e+11
 1.500000000000000e-01  3.735000000000000e-01  1.034326627173468e+01  9.613606067088584e+02  6.355752911979076e+10  9.564995686265179e+10
 1.600000000000000e-01  3.655500000000000e-01  1.004838979768444e+01  9.300745391335315e+02  6.364268670421893e+10  9.534276845889922e+10
 1.700000000000000e-01  3.582500000000000e-01  9.747711789027505e+00  8.882906679787059e+02  6.185013703198841e+10  9.388463064834302e+10
 1.800000000000000e-01  3.517800000000000e-01  9.451636346593217e+00  8.585037618298720e+02  5.945042702435555e+10  9.304791903538847e+10
 1.900000000000000e-01  3.463000000000000e-01  9.144946717960204e+00  8.218607676018173e+02  5.675678237674126e+10  9.127009631515495e+10
 2.000000000000000e-01  3.420000000000000e-01  8.788564902143525e+00  7.975842520624940e+02  5.419619270335310e+10  8.998552147353104e+10
 2.100000000000000e-01  3.384300000000000e-01  8.391951137176166e+00  7.794386973805930e+02  5.181787894232890e+10  8.877488620682372e+10
 2.200000000000000e-01  3.350200000000000e-01  7.965832665711532e+00  7.615077584469362e+02  4.968704380571073e+10  8.749818328765718e+10
 2.300000000000000e-01  3.317900000000000e-01  7.520936730403027e+00  7.495715897857611e+02  4.779934837090685e+10  8.644007315707207e+10
 2.400000000000000e-01  3.287100000000000e-01  7.067990573904048e+00  7.375588039346715e+02  4.605072358932999e+10  8.535600240958719e+10
 2.500000000000000e-01  3.257800000000000e-01  6.617721438868002e+00  7.319716798426406e+02  4.442611933865001e+10  9.202942228822229e+10
 2.600000000000000e-01  3.230100000000000e-01  6.180856567948286e+00  7.220107667102642e+02  4.269760593570129e+10  9.080556491759872e+10
 2.700000000000000e-01  3.203800000000000e-01  5.768123203798309e+00  7.108177544732321e+02  4.075905162403479e+10  8.893478271846486e+10
 2.800000000000000e-01  3.178900000000000e-01  5.372939398531495e+00  6.977633928104641e+02  3.878716464571352e+10  8.184571108435629e+10
 2.900000000000000e-01  3.155400000000000e-01  4.960299471060074e+00  6.882158972916595e+02  3.685142845638675e+10  7.949490645614409e+10
 3.000000000000000e-01  3.133300000000000e-01  4.538445154611527e+00  6.783560301965377e+02  3.493277790527351e+10  7.706979673155850e+10
 3.100000000000000e-01  3.112300000000000e-01  4.118051635311692e+00  6.682058660199847e+02  3.301110605969638e+10  7.430835885053961e+10
 3.200000000000000e-01  3.092700000000000e-01  3.709794099286396e+00  6.563375215302930e+02  3.092200610898200e+10  7.096449525025186e+10
 3.300000000000000e-01  3.074200000000000e-01  3.324347732661471e+00  6.433677229807402e+02  2.881416979459802e+10  6.737284982813713e+10
 3.400000000000000e-01  3.056800000000000e-01  2.972387721562749e+00  6.296396038885061e+02  2.680629095441990e+10  6.386188293532373e+10
 3.500000000000000e-01  3.040600000000000e-01  2.664589252116059e+00  6.161823507551766e+02  2.496427290733786e+10  6.055495173058772e+10
 3.600000000000000e-01  3.025300000000000e-01  2.411627510447234e+00  6.028512444072989e+02  2.327756976873396e+10  5.747776361973029e+10
 3.700000000000000e-01  3.011100000000000e-01  2.214575177953080e+00  5.895443530309392e+02  2.169650074271822e+10  5.450314624285829e+10
 3.800000000000000e-01  2.997900000000000e-01  2.042987423836999e+00  5.760742212041563e+02  2.019567527382285e+10  5.161894855728172e+10
 3.900000000000000e-01  2.985500000000000e-01  1.890305918170536e+00  5.629946213044105e+02  1.879582290534415e+10  4.885729367661805e+10
 4.000000000000000e-01  2.974000000000000e-01  1.752790131841188e+00  5.498353428278270e+02  1.745924545620596e+10  4.619487310320891e+10
 4.100000000000000e-01  2.962800000000000e-01  1.626699535736459e+00  5.369288671092830e+02  1.619510417699249e+10  4.366734690212965e+10
 4.200000000000000e-01  2.951600000000000e-01  1.508293600743853e+00  5.243215497185688e+02  1.499745896170640e+10  4.126672878727541e+10
 4.300000000000000e-01  2.940600000000000e-01  1.393831797750869e+00  5.121912790100955e+02  1.387325508822106e+10  3.903809105765690e+10
 4.400000000000000e-01  2.930200000000000e-01  1.279573597645010e+00  5.003634767893669e+02  1.280861905949378e+10  3.695361164606550e+10
 4.500000000000000e-01  2.920700000000000e-01  1.161778471313778e+00  4.886759175659776e+02  1.173976303525087e+10  3.504387863695813e+10
 4.600000000000000e-01  2.912200000000000e-01  1.039022782116879e+00  4.766577708039172e+02  1.066070295910283e+10  3.320777479042361e+10
 4.700000000000000e-01  2.905100000000000e-01  9.201579772385222e-01  4.648222891714129e+02  9.670286161869810e+09  3.145769734315090e+10
 4.800000000000000e-01  2.899700000000000e-01  8.053402462012069e-01  4.528680392147903e+02  8.811744251718924e+09  2.977059753996828e+10
 4.900000000000000e-01  2.896200000000000e-01  6.931984207181533e-01  4.415631573015752e+02  8.118813058778291e+09  2.818342225692201e+10
 5.000000000000000e-01  2.895000000000000e-01  5.823613325025832e-01  4.307347796158602e+02  7.560694786862444e+09  2.668493939620278e+10
 5.100000000000000e-01  2.895600000000000e-01  4.714578132677177e-01  4.103662826655962e+02  7.085486699952870e+09  2.516859262633945e+10
 5.200000000000000e-01  2.897300000000000e-01  3.591166947267786e-01  4.005228561074878e+02  6.668434551991080e+09  2.382440248612376e+10
 5.300000000000000e-01  2.900000000000000e-01  2.439668085929866e-01  3.906758741475695e+02  6.270471198726228e+09  2.252417009251395e+10
 5.400000000000000e-01  2.903500000000000e-01  1.246369865795635e-01  3.810070596072861e+02  5.886048758634412e+09  2.128016468475535e+10
 5.500000000000000e-01  2.907800000000000e-01 -4.071508446722065e-05  3.713431560231934e+02  5.502842683479284e+09  2.011661142004089e+10
 5.600000000000001e-01  2.912600000000000e-01 -1.292376495334791e-01  3.616196465521160e+02  5.125949712796141e+09  1.884848984885032e+10
 5.700000000000000e-01  2.917800000000000e-01 -2.620688939593653e-01  3.520337049150527e+02  4.762713966726070e+09  1.764767758082151e+10
 5.800000000000000e-01  2.923400000000000e-01 -3.978397290517700e-01  3.426460682989613e+02  4.415113686192567e+09  1.653022562788353e+10
 5.900000000000000e-01  2.929200000000000e-01 -5.358554355003419e-01  3.332905402017298e+02  4.082825751091392e+09  1.547853549918789e+10
 6.000000000000000e-01  2.935000000000000e-01 -6.754212939947249e-01  3.239990156997057e+02  3.769204739685735e+09  1.449105020646263e+10
 6.100000000000000e-01  2.941700000000000e-01 -8.158425852245652e-01  3.147549540048683e+02  3.474294790327269e+09  1.356013122504986e+10
 6.200000000000000e-01  2.950000000000000e-01 -9.564245898795084e-01  3.057674500455910e+02  3.201237346068460e+09  1.268338848345828e+10
 6.300000000000000e-01  2.959600000000000e-01 -1.096472588649200e+00  2.968646830529113e+02  2.947098911994071e+09  1.185373331474325e+10
 6.400000000000000e-01  2.970200000000000e-01 -1.235473006805078e+00  2.881445176056762e+02  2.713319519220747e+09  1.107413636227067e+10
 6.500000000000000e-01  2.981600000000000e-01 -1.374893066884927e+00  2.794946526971941e+02  2.497545069832591e+09  1.033788829572777e+10
 6.600000000000000e-01  2.993500000000000e-01 -1.515068290022904e+00  2.711807136586573e+02  2.300831095108000e+09  9.742596009653040e+09
 6.700000000000000e-01  3.005500000000000e-01 -1.655813854975026e+00  2.629606949704079e+02  2.120298519977227e+09  9.177390705649027e+09
 6.800000000000000e-01  3.017500000000000e-01 -1.796944940497306e+00  2.549249404984039e+02  1.955461722175381e+09  8.640254456426394e+09
 6.899999999999999e-01  3.035506250000000e-01 -1.938276725345761e+00  2.470487452102125e+02  1.805237564495281e+09  8.118483164350774e+09
 7.000000000000000e-01  3.052812500000000e-01 -2.079624388276406e+00  2.393003990751077e+02  1.666321717527613e+09  7.623454660341122e+09
 7.100000000000000e-01  3.069718750000000e-01 -2.220803108045256e+00  2.316899912361509e+02  1.538365961065921e+09  7.149793908619802e+09
 7.200000000000000e-01  3.086725000000000e-01 -2.361628063408329e+00  2.243413680070629e+02  1.421910038135028e+09  6.700984630753217e+09
 7.300000000000000e-01  3.103731250000000e-01 -2.501942870828401e+00  2.170539645834489e+02  1.313857078141559e+09  6.273830219740241e+09
 7.400000000000000e-01  3.120637500000000e-01 -2.642129430896036e+00  2.098017592915665e+02  1.213359107472730e+09  5.862592638442027e+09
 7.500000000000000e-01  3.137643750000000e-01 -2.782315673375670e+00  2.027044827560605e+02  1.119540890805274e+09  5.475353785429228e+09
 7.600000000000000e-01  3.154650000000000e-01 -2.922437989158387e+00  1.956514900269148e+02  1.031916089373535e+09  5.086705124020058e+09
 7.700000000000000e-01  3.171556250000000e-01 -3.062432769135273e+00  1.886754442752378e+02  9.487431077761371e+08  4.710357970196161e+09
 7.800000000000000e-01  3.188362500000000e-01 -3.202236404197409e+00  1.817971004541785e+02  8.706948215779133e+08  4.350450645513094e+09
 7.900000000000000e-01  3.205168750000000e-01 -3.341785285235884e+00  1.750086937003034e+02  7.981074374715794e+08  4.011316747093234e+09
 8.000000000000000e-01  3.221875000000000e-01 -3.481015803141779e+00  1.678709926525350e+02  7.308979659421526e+08  3.687227829188187e+09
 8.100000000000001e-01  3.238781250000000e-01 -3.619864348806180e+00  1.598195531468689e+02  6.691543919689604e+08  3.374471748808005e+09
 8.200000000000000e-01  3.256087500000000e-01 -3.758284425366401e+00  1.515027936242783e+02  6.119249027651943e+08  3.074605228690020e+09
 8.300000000000000e-01  3.273593750000000e-01 -3.896833616440529e+00  1.435828910266343e+02  5.588502447308592e+08  2.787066360299531e+09
 8.400000000000000e-01  3.291100000000000e-01 -4.035602236799753e+00  1.349791029869386e+02  5.072095935857528e+08  2.511523753374788e+09
 8.500000000000000e-01  3.308406250000000e-01 -4.174309890399096e+00  1.260095206282137e+02  4.581968598219252e+08  2.246721684635629e+09
 8.600000000000000e-01  3.325312500000000e-01 -4.312676181193579e+00  1.177405714498305e+02  4.127814848366705e+08  2.006365793850400e+09
 8.700000000000000e-01  3.341818750000000e-01 -4.450420713138227e+00  1.105081719057410e+02  3.709179527498230e+08  1.793818188083382e+09
 8.800000000000000e-01  3.357425000000000e-01 -4.587263090188059e+00  1.036526729535990e+02  3.318234853358113e+08  1.598535376304121e+09
 8.900000000000000e-01  3.372231250000000e-01 -4.722922916298097e+00  9.737227671191246e+01  2.946715235093798e+08  1.419829096227719e+09
 9.000000000000000e-01  3.386000000000000e-01 -4.857119795423364e+00  9.189356054488368e+01  2.590952422399401e+08  1.258850693989957e+09
 9.100000000000000e-01  3.384927049504951e-01 -4.989577399043722e+00  8.645817061979665e+01  2.252204959737741e+08  1.113146855873886e+09
 9.200000000000000e-01  3.381741148514851e-01 -5.120641707112742e+00  8.110008465906091e+01  1.938106853340147e+08  9.788123897423539e+08
 9.300000000000000e-01  3.376491722772277e-01 -5.250668844741213e+00  7.634841996933544e+01  1.645897333899105e+08  8.564308132615459e+08
 9.399999999999999e-01  3.369228198019802e-01 -5.379644887787405e+00  7.157543366489091e+01  1.371333198037444e+08  7.410788059507316e+08
 9.500000000000000e-01  3.360000000000000e-01 -5.507555912109586e+00  6.650548555338220e+01  1.111936347259383e+08  6.331380650289681e+08
 9.600000000000000e-01  3.332276805280528e-01 -5.634387993566028e+00  5.636189443516644e+01  8.113035881427117e+07  4.419827693133730e+08
 9.700000000000000e-01  3.280180030803080e-01 -5.760127208015002e+00  3.811353585129887e+01  4.490251200404571e+07  2.337682664363661e+08
 9.800000000000000e-01  3.214684444444445e-01 -5.884759631314777e+00  2.906014677644749e+01  1.987429186092203e+07  1.096602563848563e+08
 9.900000000000000e-01  3.119413333333333e-01 -6.008271339323622e+00  9.539573073807755e+00  4.174844400149219e+05  7.731276718685712e+06
 1.000000000000000e+00  3.000000000000000e-01 -6.130648407899808e+00  4.270684275686176e+00  3.418325629845489e+04  6.920084500847388e+05
---------------------- BLADE MODE SHAPES ---------------------------------------
0.21909432064667902    BldFl1Sh(2) - Flap mode 1, coeff of x^2
1.0977910395423924     BldFl1Sh(3) -            , coeff of x^3
-2.5708650472752455    BldFl1Sh(4) -            , coeff of x^4
4.684920119195425      BldFl1Sh(5) -            , coeff of x^5
-2.4309404321092516    BldFl1Sh(6) -            , coeff of x^6
-1.8966421108894111    BldFl2Sh(2) - Flap mode 2, coeff of x^2
10.75239317818207      BldFl2Sh(3) -            , coeff of x^3
-36.290688683424854    BldFl2Sh(4) -            , coeff of x^4
48.29271367021886      BldFl2Sh(5) -            , coeff of x^5
-19.857776054086663    BldFl2Sh(6) -            , coeff of x^6
0.8671427558580346     BldEdgSh(2) - Edge mode 1, coeff of x^2
1.0400089345367267     BldEdgSh(3) -            , coeff of x^3
-3.2173069430131913    BldEdgSh(4) -            , coeff of x^4
4.075922114190861      BldEdgSh(5) -            , coeff of x^5
-1.7657668615724302    BldEdgSh(6) -            , coeff of x^6
