 ------- BEAMDYN V1.00.* INDIVIDUAL BLADE INPUT FILE --------------------------
 Test Format 1
 ---------------------- BLADE PARAMETERS --------------------------------------
39   station_total    - Number of blade input stations (-)
 1   damp_type        - Damping type: 0: no damping; 1: damped
  ---------------------- Stiffness-Proportional Damping [used only if damp_type=1]------------------------------------
   mu1        mu2        mu3        mu4        mu5        mu6
   (-)        (-)        (-)        (-)        (-)        (-)
	4.18829e-03 	3.31573e-03 	3.03152e-03 	3.31573e-03 	4.18829e-03 	3.03152e-03 
------ Modal Damping [used only if damp_type=2] --------------------------------
4                        n_modes    - Number of modal damping coefficients (-)
0.01 0.02 0.03 0.04      zeta       - Damping coefficients for mode 1 through n_modes
 ---------------------- DISTRIBUTED PROPERTIES---------------------------------
	 0.000000 
	 7.3942828462053518e+09 	 2.3642507295983465e+05 	 0.0000000000000000e+00 	 0.0000000000000000e+00 	 0.0000000000000000e+00 	 2.1311038438121137e+08
	 2.3642507306356417e+05 	 7.3943096074349575e+09 	 0.0000000000000000e+00 	 0.0000000000000000e+00 	 0.0000000000000000e+00 	 -1.8957983659732530e+06
	 0.0000000000000000e+00 	 0.0000000000000000e+00 	 5.0539144045693817e+10 	 -1.4601914477354968e+09 	 6.6495455861617476e+06 	 0.0000000000000000e+00
	 0.0000000000000000e+00 	 0.0000000000000000e+00 	 -1.4601914477371271e+09 	 2.0507712534409497e+11 	 8.4559768253674638e+06 	 0.0000000000000000e+00
	 0.0000000000000000e+00 	 0.0000000000000000e+00 	 6.6495455848655775e+06 	 8.4559768266597409e+06 	 2.0503371396610434e+11 	 0.0000000000000000e+00
	 2.1311038438120741e+08 	 -1.8957983659772272e+06 	 0.0000000000000000e+00 	 0.0000000000000000e+00 	 0.0000000000000000e+00 	 1.1992740911901697e+11

	 3.4929327550254698e+03 	 0.0000000000000000e+00 	 0.0000000000000000e+00 	 0.0000000000000000e+00 	 0.0000000000000000e+00 	 1.0083530039371641e+02
	 0.0000000000000000e+00 	 3.4929327550254698e+03 	 0.0000000000000000e+00 	 0.0000000000000000e+00 	 0.0000000000000000e+00 	 -2.7157576915535553e-01
	 0.0000000000000000e+00 	 0.0000000000000000e+00 	 3.4929327550254698e+03 	 -1.0083530039371641e+02 	 2.7157576915535553e-01 	 0.0000000000000000e+00
	 0.0000000000000000e+00 	 0.0000000000000000e+00 	 -1.0083530039371641e+02 	 1.4176329759336455e+04 	 5.8954946242424297e-02 	 0.0000000000000000e+00
	 0.0000000000000000e+00 	 0.0000000000000000e+00 	 2.7157576915535553e-01 	 5.8954946242424297e-02 	 1.4172772202651024e+04 	 0.0000000000000000e+00
	 1.0083530039371641e+02 	 -2.7157576915535553e-01 	 0.0000000000000000e+00 	 0.0000000000000000e+00 	 0.0000000000000000e+00 	 2.8349101961987439e+04

	 0.020000 
	 7.3942828044633665e+09 	 2.3641073635683217e+05 	 0.0000000000000000e+00 	 0.0000000000000000e+00 	 0.0000000000000000e+00 	 -4.2375914509469306e+08
	 2.3641073590609309e+05 	 7.3943096082477102e+09 	 0.0000000000000000e+00 	 0.0000000000000000e+00 	 0.0000000000000000e+00 	 -1.9162495018236262e+06
	 0.0000000000000000e+00 	 0.0000000000000000e+00 	 5.0539143904941673e+10 	 2.8927446897807188e+09 	 6.6501326780476728e+06 	 0.0000000000000000e+00
	 0.0000000000000000e+00 	 0.0000000000000000e+00 	 2.8927446897822857e+09 	 2.0520051012536298e+11 	 9.0291093238183986e+06 	 0.0000000000000000e+00
	 0.0000000000000000e+00 	 0.0000000000000000e+00 	 6.6501326796207707e+06 	 9.0291093267249595e+06 	 2.0503371165873376e+11 	 0.0000000000000000e+00
	 -4.2375914509469342e+08 	 -1.9162495018461696e+06 	 0.0000000000000000e+00 	 0.0000000000000000e+00 	 0.0000000000000000e+00 	 1.1994555132393811e+11

	 3.4929327451321524e+03 	 0.0000000000000000e+00 	 0.0000000000000000e+00 	 0.0000000000000000e+00 	 0.0000000000000000e+00 	 -2.0001097421236679e+02
	 0.0000000000000000e+00 	 3.4929327451321524e+03 	 0.0000000000000000e+00 	 0.0000000000000000e+00 	 0.0000000000000000e+00 	 -2.7161625795527539e-01
	 0.0000000000000000e+00 	 0.0000000000000000e+00 	 3.4929327451321524e+03 	 2.0001097421236679e+02 	 2.7161625795527539e-01 	 0.0000000000000000e+00
	 0.0000000000000000e+00 	 0.0000000000000000e+00 	 2.0001097421236679e+02 	 1.4184871688522309e+04 	 8.2374288588770508e-02 	 0.0000000000000000e+00
	 0.0000000000000000e+00 	 0.0000000000000000e+00 	 2.7161625795527539e-01 	 8.2374288588770508e-02 	 1.4172772042203012e+04 	 0.0000000000000000e+00
	 -2.0001097421236679e+02 	 -2.7161625795527539e-01 	 0.0000000000000000e+00 	 0.0000000000000000e+00 	 0.0000000000000000e+00 	 2.8357643730725340e+04

	 0.050000 
	 3.2646482200614438e+09 	 7.0383545233163014e+07 	 0.0000000000000000e+00 	 0.0000000000000000e+00 	 0.0000000000000000e+00 	 3.4355750400678778e+08
	 7.0383545232535675e+07 	 4.1575041635432215e+09 	 0.0000000000000000e+00 	 0.0000000000000000e+00 	 0.0000000000000000e+00 	 3.2936640274155658e+08
	 0.0000000000000000e+00 	 0.0000000000000000e+00 	 2.6497673143568981e+10 	 2.9434240755504117e+09 	 -9.7739780001856625e+08 	 0.0000000000000000e+00
	 0.0000000000000000e+00 	 0.0000000000000000e+00 	 2.9434240755459428e+09 	 1.1660551224572971e+11 	 -2.1427045365317030e+09 	 0.0000000000000000e+00
	 0.0000000000000000e+00 	 0.0000000000000000e+00 	 -9.7739780002682543e+08 	 -2.1427045365351770e+09 	 9.0721899664486496e+10 	 0.0000000000000000e+00
	 3.4355750400653720e+08 	 3.2936640274052328e+08 	 0.0000000000000000e+00 	 0.0000000000000000e+00 	 0.0000000000000000e+00 	 5.5975743339739906e+10

	 1.8398298263511087e+03 	 0.0000000000000000e+00 	 0.0000000000000000e+00 	 0.0000000000000000e+00 	 0.0000000000000000e+00 	 -2.0423832230177388e+02
	 0.0000000000000000e+00 	 1.8398298263511087e+03 	 0.0000000000000000e+00 	 0.0000000000000000e+00 	 0.0000000000000000e+00 	 6.8173234850270703e+01
	 0.0000000000000000e+00 	 0.0000000000000000e+00 	 1.8398298263511087e+03 	 2.0423832230177388e+02 	 -6.8173234850270703e+01 	 0.0000000000000000e+00
	 0.0000000000000000e+00 	 0.0000000000000000e+00 	 2.0423832230177388e+02 	 8.0980026056016395e+03 	 -1.4889677497181520e+02 	 0.0000000000000000e+00
	 0.0000000000000000e+00 	 0.0000000000000000e+00 	 -6.8173234850270703e+01 	 -1.4889677497181520e+02 	 6.3000194343620569e+03 	 0.0000000000000000e+00
	 -2.0423832230177388e+02 	 6.8173234850270703e+01 	 0.0000000000000000e+00 	 0.0000000000000000e+00 	 0.0000000000000000e+00 	 1.4398022039963689e+04

	 0.080000 
	 1.9676787715183246e+09 	 1.0598264314441593e+08 	 0.0000000000000000e+00 	 0.0000000000000000e+00 	 0.0000000000000000e+00 	 -5.6710788035332859e+08
	 1.0598264314354996e+08 	 2.8405317779482470e+09 	 0.0000000000000000e+00 	 0.0000000000000000e+00 	 0.0000000000000000e+00 	 1.0271546857244456e+08
	 0.0000000000000000e+00 	 0.0000000000000000e+00 	 3.2823765858631321e+10 	 1.2060629534071299e+10 	 2.0329960864729550e+09 	 0.0000000000000000e+00
	 0.0000000000000000e+00 	 0.0000000000000000e+00 	 1.2060629534069105e+10 	 9.0115567755515457e+10 	 -1.7262214272702164e+10 	 0.0000000000000000e+00
	 0.0000000000000000e+00 	 0.0000000000000000e+00 	 2.0329960864705136e+09 	 -1.7262214272697544e+10 	 1.2069265179238612e+11 	 0.0000000000000000e+00
	 -5.6710788035257065e+08 	 1.0271546857205620e+08 	 0.0000000000000000e+00 	 0.0000000000000000e+00 	 0.0000000000000000e+00 	 2.8005086344758244e+10

	 1.3497252721363268e+03 	 0.0000000000000000e+00 	 0.0000000000000000e+00 	 0.0000000000000000e+00 	 0.0000000000000000e+00 	 -5.4132343061313736e+02
	 0.0000000000000000e+00 	 1.3497252721363268e+03 	 0.0000000000000000e+00 	 0.0000000000000000e+00 	 0.0000000000000000e+00 	 2.3676890226638142e-01
	 0.0000000000000000e+00 	 0.0000000000000000e+00 	 1.3497252721363268e+03 	 5.4132343061313736e+02 	 -2.3676890226638142e-01 	 0.0000000000000000e+00
	 0.0000000000000000e+00 	 0.0000000000000000e+00 	 5.4132343061313736e+02 	 5.2576191767156724e+03 	 -2.9820992263838207e+02 	 0.0000000000000000e+00
	 0.0000000000000000e+00 	 0.0000000000000000e+00 	 -2.3676890226638142e-01 	 -2.9820992263838207e+02 	 3.6957326954170230e+03 	 0.0000000000000000e+00
	 -5.4132343061313736e+02 	 2.3676890226638142e-01 	 0.0000000000000000e+00 	 0.0000000000000000e+00 	 0.0000000000000000e+00 	 8.9533518721326582e+03

	 0.100000 
	 1.3980391057567623e+09 	 1.0365200065069796e+08 	 0.0000000000000000e+00 	 0.0000000000000000e+00 	 0.0000000000000000e+00 	 -4.6752249577934766e+08
	 1.0365200065001138e+08 	 2.3482991526167541e+09 	 0.0000000000000000e+00 	 0.0000000000000000e+00 	 0.0000000000000000e+00 	 8.5009266516069949e+07
	 0.0000000000000000e+00 	 0.0000000000000000e+00 	 3.5646779063284081e+10 	 1.5033647649397903e+10 	 1.4643576523036048e+09 	 0.0000000000000000e+00
	 0.0000000000000000e+00 	 0.0000000000000000e+00 	 1.5033647649395844e+10 	 9.9753619408789810e+10 	 -1.7474619270989677e+10 	 0.0000000000000000e+00
	 0.0000000000000000e+00 	 0.0000000000000000e+00 	 1.4643576523028405e+09 	 -1.7474619270993141e+10 	 1.0743746433405132e+11 	 0.0000000000000000e+00
	 -4.6752249577893597e+08 	 8.5009266516315997e+07 	 0.0000000000000000e+00 	 0.0000000000000000e+00 	 0.0000000000000000e+00 	 1.9015659926983360e+10

	 1.2409247694505605e+03 	 0.0000000000000000e+00 	 0.0000000000000000e+00 	 0.0000000000000000e+00 	 0.0000000000000000e+00 	 -5.4464815656531266e+02
	 0.0000000000000000e+00 	 1.2409247694505605e+03 	 0.0000000000000000e+00 	 0.0000000000000000e+00 	 0.0000000000000000e+00 	 3.3470416106354239e+00
	 0.0000000000000000e+00 	 0.0000000000000000e+00 	 1.2409247694505605e+03 	 5.4464815656531266e+02 	 -3.3470416106354239e+00 	 0.0000000000000000e+00
	 0.0000000000000000e+00 	 0.0000000000000000e+00 	 5.4464815656531266e+02 	 4.9885477901331378e+03 	 -2.7004049658068453e+02 	 0.0000000000000000e+00
	 0.0000000000000000e+00 	 0.0000000000000000e+00 	 -3.3470416106354239e+00 	 -2.7004049658068453e+02 	 2.7683473080682465e+03 	 0.0000000000000000e+00
	 -5.4464815656531266e+02 	 3.3470416106354239e+00 	 0.0000000000000000e+00 	 0.0000000000000000e+00 	 0.0000000000000000e+00 	 7.7568950982013803e+03

	 0.125000 
	 9.8091242645926321e+08 	 9.8234898895501927e+07 	 0.0000000000000000e+00 	 0.0000000000000000e+00 	 0.0000000000000000e+00 	 -3.7255757809746903e+08
	 9.8234898895101711e+07 	 1.8338630975533705e+09 	 0.0000000000000000e+00 	 0.0000000000000000e+00 	 0.0000000000000000e+00 	 6.9587789503498137e+07
	 0.0000000000000000e+00 	 0.0000000000000000e+00 	 3.8314494934187042e+10 	 1.9119044271592972e+10 	 8.6513152595321977e+08 	 0.0000000000000000e+00
	 0.0000000000000000e+00 	 0.0000000000000000e+00 	 1.9119044271597759e+10 	 1.0682570155068303e+11 	 -1.5420853832620426e+10 	 0.0000000000000000e+00
	 0.0000000000000000e+00 	 0.0000000000000000e+00 	 8.6513152595270348e+08 	 -1.5420853832618601e+10 	 9.0245464866187302e+10 	 0.0000000000000000e+00
	 -3.7255757809837818e+08 	 6.9587789503450483e+07 	 0.0000000000000000e+00 	 0.0000000000000000e+00 	 0.0000000000000000e+00 	 1.2171367407701790e+10

	 1.1060954292859929e+03 	 0.0000000000000000e+00 	 0.0000000000000000e+00 	 0.0000000000000000e+00 	 0.0000000000000000e+00 	 -5.8341117818754446e+02
	 0.0000000000000000e+00 	 1.1060954292859929e+03 	 0.0000000000000000e+00 	 0.0000000000000000e+00 	 0.0000000000000000e+00 	 5.0144896285461549e+00
	 0.0000000000000000e+00 	 0.0000000000000000e+00 	 1.1060954292859929e+03 	 5.8341117818754446e+02 	 -5.0144896285461549e+00 	 0.0000000000000000e+00
	 0.0000000000000000e+00 	 0.0000000000000000e+00 	 5.8341117818754446e+02 	 4.4054419659050454e+03 	 -2.2866719886661747e+02 	 0.0000000000000000e+00
	 0.0000000000000000e+00 	 0.0000000000000000e+00 	 -5.0144896285461549e+00 	 -2.2866719886661747e+02 	 1.9626117757750883e+03 	 0.0000000000000000e+00
	 -5.8341117818754446e+02 	 5.0144896285461549e+00 	 0.0000000000000000e+00 	 0.0000000000000000e+00 	 0.0000000000000000e+00 	 6.3680537416801244e+03

	 0.150000 
	 7.0855896064557493e+08 	 8.2125896526957899e+07 	 0.0000000000000000e+00 	 0.0000000000000000e+00 	 0.0000000000000000e+00 	 -2.2478768365867457e+08
	 8.2125896526874796e+07 	 1.4123380168159201e+09 	 0.0000000000000000e+00 	 0.0000000000000000e+00 	 0.0000000000000000e+00 	 7.8925789711344495e+07
	 0.0000000000000000e+00 	 0.0000000000000000e+00 	 3.8457480305478943e+10 	 1.9577278268254921e+10 	 4.3519311947744501e+08 	 0.0000000000000000e+00
	 0.0000000000000000e+00 	 0.0000000000000000e+00 	 1.9577278268253716e+10 	 1.0453917311857687e+11 	 -1.2062207172792545e+10 	 0.0000000000000000e+00
	 0.0000000000000000e+00 	 0.0000000000000000e+00 	 4.3519311947804904e+08 	 -1.2062207172791803e+10 	 6.9892011963733841e+10 	 0.0000000000000000e+00
	 -2.2478768365897086e+08 	 7.8925789711418152e+07 	 0.0000000000000000e+00 	 0.0000000000000000e+00 	 0.0000000000000000e+00 	 7.3673912347180824e+09

	 9.7499065923344472e+02 	 0.0000000000000000e+00 	 0.0000000000000000e+00 	 0.0000000000000000e+00 	 0.0000000000000000e+00 	 -5.5017440479392781e+02
	 0.0000000000000000e+00 	 9.7499065923344472e+02 	 0.0000000000000000e+00 	 0.0000000000000000e+00 	 0.0000000000000000e+00 	 1.4896372090464682e+01
	 0.0000000000000000e+00 	 0.0000000000000000e+00 	 9.7499065923344472e+02 	 5.5017440479392781e+02 	 -1.4896372090464682e+01 	 0.0000000000000000e+00
	 0.0000000000000000e+00 	 0.0000000000000000e+00 	 5.5017440479392781e+02 	 3.8073804867318677e+03 	 -1.8350585990439009e+02 	 0.0000000000000000e+00
	 0.0000000000000000e+00 	 0.0000000000000000e+00 	 -1.4896372090464682e+01 	 -1.8350585990439009e+02 	 1.3422958970023271e+03 	 0.0000000000000000e+00
	 -5.5017440479392781e+02 	 1.4896372090464682e+01 	 0.0000000000000000e+00 	 0.0000000000000000e+00 	 0.0000000000000000e+00 	 5.1496763837341859e+03

	 0.175000 
	 5.6627026597079527e+08 	 6.8138466063182756e+07 	 0.0000000000000000e+00 	 0.0000000000000000e+00 	 0.0000000000000000e+00 	 -1.4695995620151612e+08
	 6.8138466063434720e+07 	 1.0587364813277160e+09 	 0.0000000000000000e+00 	 0.0000000000000000e+00 	 0.0000000000000000e+00 	 8.6665471942203656e+07
	 0.0000000000000000e+00 	 0.0000000000000000e+00 	 3.7257663829262039e+10 	 1.8980392149484211e+10 	 1.8014168383282033e+08 	 0.0000000000000000e+00
	 0.0000000000000000e+00 	 0.0000000000000000e+00 	 1.8980392149482807e+10 	 1.0021002322605136e+11 	 -1.0065936917806553e+10 	 0.0000000000000000e+00
	 0.0000000000000000e+00 	 0.0000000000000000e+00 	 1.8014168383181173e+08 	 -1.0065936917804775e+10 	 5.8565816909207016e+10 	 0.0000000000000000e+00
	 -1.4695995620145056e+08 	 8.6665471942408696e+07 	 0.0000000000000000e+00 	 0.0000000000000000e+00 	 0.0000000000000000e+00 	 4.7733810022821445e+09

	 8.6759140414519618e+02 	 0.0000000000000000e+00 	 0.0000000000000000e+00 	 0.0000000000000000e+00 	 0.0000000000000000e+00 	 -5.0476898613234192e+02
	 0.0000000000000000e+00 	 8.6759140414519618e+02 	 0.0000000000000000e+00 	 0.0000000000000000e+00 	 0.0000000000000000e+00 	 2.2286667356089755e+01
	 0.0000000000000000e+00 	 0.0000000000000000e+00 	 8.6759140414519618e+02 	 5.0476898613234192e+02 	 -2.2286667356089755e+01 	 0.0000000000000000e+00
	 0.0000000000000000e+00 	 0.0000000000000000e+00 	 5.0476898613234192e+02 	 3.3103357701590630e+03 	 -1.6079817297648177e+02 	 0.0000000000000000e+00
	 0.0000000000000000e+00 	 0.0000000000000000e+00 	 -2.2286667356089755e+01 	 -1.6079817297648177e+02 	 1.0310557976060604e+03 	 0.0000000000000000e+00
	 -5.0476898613234192e+02 	 2.2286667356089755e+01 	 0.0000000000000000e+00 	 0.0000000000000000e+00 	 0.0000000000000000e+00 	 4.3413915677651103e+03

	 0.200000 
	 4.8579912176084101e+08 	 5.7165310396946959e+07 	 0.0000000000000000e+00 	 0.0000000000000000e+00 	 0.0000000000000000e+00 	 -1.2169739412834452e+08
	 5.7165310397459693e+07 	 7.7496915013803649e+08 	 0.0000000000000000e+00 	 0.0000000000000000e+00 	 0.0000000000000000e+00 	 6.8856542335785538e+07
	 0.0000000000000000e+00 	 0.0000000000000000e+00 	 3.6197317632332336e+10 	 1.8278271153211773e+10 	 1.7676985083038804e+08 	 0.0000000000000000e+00
	 0.0000000000000000e+00 	 0.0000000000000000e+00 	 1.8278271153214577e+10 	 9.6076716472107376e+10 	 -8.7077484969829540e+09 	 0.0000000000000000e+00
	 0.0000000000000000e+00 	 0.0000000000000000e+00 	 1.7676985082818884e+08 	 -8.7077484969830685e+09 	 5.3611939407193863e+10 	 0.0000000000000000e+00
	 -1.2169739412838225e+08 	 6.8856542335808620e+07 	 0.0000000000000000e+00 	 0.0000000000000000e+00 	 0.0000000000000000e+00 	 3.3719438698411994e+09

	 7.8599544585969466e+02 	 0.0000000000000000e+00 	 0.0000000000000000e+00 	 0.0000000000000000e+00 	 0.0000000000000000e+00 	 -4.6058622866559335e+02
	 0.0000000000000000e+00 	 7.8599544585969466e+02 	 0.0000000000000000e+00 	 0.0000000000000000e+00 	 0.0000000000000000e+00 	 1.9405040672070445e+01
	 0.0000000000000000e+00 	 0.0000000000000000e+00 	 7.8599544585969466e+02 	 4.6058622866559335e+02 	 -1.9405040672070445e+01 	 0.0000000000000000e+00
	 0.0000000000000000e+00 	 0.0000000000000000e+00 	 4.6058622866559335e+02 	 2.9000807428631138e+03 	 -1.4132723252296512e+02 	 0.0000000000000000e+00
	 0.0000000000000000e+00 	 0.0000000000000000e+00 	 -1.9405040672070445e+01 	 -1.4132723252296512e+02 	 8.8212296553871352e+02 	 0.0000000000000000e+00
	 -4.6058622866559335e+02 	 1.9405040672070445e+01 	 0.0000000000000000e+00 	 0.0000000000000000e+00 	 0.0000000000000000e+00 	 3.7822037084018248e+03

	 0.250000 
	 4.0157429402546024e+08 	 3.5880902695734181e+07 	 0.0000000000000000e+00 	 0.0000000000000000e+00 	 0.0000000000000000e+00 	 -7.0646670134248391e+07
	 3.5880902696464770e+07 	 5.9987224349996996e+08 	 0.0000000000000000e+00 	 0.0000000000000000e+00 	 0.0000000000000000e+00 	 6.9388798288432106e+07
	 0.0000000000000000e+00 	 0.0000000000000000e+00 	 3.4681591646212563e+10 	 1.6050930139650583e+10 	 2.2082486095115364e+08 	 0.0000000000000000e+00
	 0.0000000000000000e+00 	 0.0000000000000000e+00 	 1.6050930139655499e+10 	 8.5949225587398727e+10 	 -5.4270492817401810e+09 	 0.0000000000000000e+00
	 0.0000000000000000e+00 	 0.0000000000000000e+00 	 2.2082486095316932e+08 	 -5.4270492817370186e+09 	 4.2713092476102074e+10 	 0.0000000000000000e+00
	 -7.0646670134084314e+07 	 6.9388798288587153e+07 	 0.0000000000000000e+00 	 0.0000000000000000e+00 	 0.0000000000000000e+00 	 2.1393938906563475e+09

	 7.0806038126943463e+02 	 0.0000000000000000e+00 	 0.0000000000000000e+00 	 0.0000000000000000e+00 	 0.0000000000000000e+00 	 -4.0379571626429293e+02
	 0.0000000000000000e+00 	 7.0806038126943463e+02 	 0.0000000000000000e+00 	 0.0000000000000000e+00 	 0.0000000000000000e+00 	 1.6021643529786697e+01
	 0.0000000000000000e+00 	 0.0000000000000000e+00 	 7.0806038126943463e+02 	 4.0379571626429293e+02 	 -1.6021643529786697e+01 	 0.0000000000000000e+00
	 0.0000000000000000e+00 	 0.0000000000000000e+00 	 4.0379571626429293e+02 	 2.4405372015999405e+03 	 -1.0114363345754199e+02 	 0.0000000000000000e+00
	 0.0000000000000000e+00 	 0.0000000000000000e+00 	 -1.6021643529786697e+01 	 -1.0114363345754199e+02 	 6.6089163757588460e+02 	 0.0000000000000000e+00
	 -4.0379571626429293e+02 	 1.6021643529786697e+01 	 0.0000000000000000e+00 	 0.0000000000000000e+00 	 0.0000000000000000e+00 	 3.1014288391758319e+03

	 0.275000 
	 3.7863581412691021e+08 	 2.9569212624201737e+07 	 0.0000000000000000e+00 	 0.0000000000000000e+00 	 0.0000000000000000e+00 	 -6.0629624474413067e+07
	 2.9569211220533356e+07 	 5.5484729641875184e+08 	 0.0000000000000000e+00 	 0.0000000000000000e+00 	 0.0000000000000000e+00 	 5.5675071412700489e+07
	 0.0000000000000000e+00 	 0.0000000000000000e+00 	 3.4177607321134777e+10 	 1.5664291964336498e+10 	 4.6529959912658077e+08 	 0.0000000000000000e+00
	 0.0000000000000000e+00 	 0.0000000000000000e+00 	 1.5664291960450554e+10 	 8.2749483426964340e+10 	 -4.3077609561473055e+09 	 0.0000000000000000e+00
	 0.0000000000000000e+00 	 0.0000000000000000e+00 	 4.6529959672570640e+08 	 -4.3077609569109106e+09 	 3.8755767178947258e+10 	 0.0000000000000000e+00
	 -6.0629624628425620e+07 	 5.5675071228777997e+07 	 0.0000000000000000e+00 	 0.0000000000000000e+00 	 0.0000000000000000e+00 	 1.8579990009574883e+09

	 6.8331506052126088e+02 	 0.0000000000000000e+00 	 0.0000000000000000e+00 	 0.0000000000000000e+00 	 0.0000000000000000e+00 	 -3.9143322721663918e+02
	 0.0000000000000000e+00 	 6.8331506052126088e+02 	 0.0000000000000000e+00 	 0.0000000000000000e+00 	 0.0000000000000000e+00 	 8.8323016964121788e+00
	 0.0000000000000000e+00 	 0.0000000000000000e+00 	 6.8331506052126088e+02 	 3.9143322721663918e+02 	 -8.8323016964121788e+00 	 0.0000000000000000e+00
	 0.0000000000000000e+00 	 0.0000000000000000e+00 	 3.9143322721663918e+02 	 2.2708784438387888e+03 	 -8.3563863217544665e+01 	 0.0000000000000000e+00
	 0.0000000000000000e+00 	 0.0000000000000000e+00 	 -8.8323016964121788e+00 	 -8.3563863217544665e+01 	 5.9020324730223183e+02 	 0.0000000000000000e+00
	 -3.9143322721663918e+02 	 8.8323016964121788e+00 	 0.0000000000000000e+00 	 0.0000000000000000e+00 	 0.0000000000000000e+00 	 2.8610816911410125e+03

	 0.300000 
	 3.5483557153831047e+08 	 2.2873428495903905e+07 	 0.0000000000000000e+00 	 0.0000000000000000e+00 	 0.0000000000000000e+00 	 -4.8936260182891890e+07
	 2.2873429211878013e+07 	 5.2929736895100486e+08 	 0.0000000000000000e+00 	 0.0000000000000000e+00 	 0.0000000000000000e+00 	 4.3269913640179671e+07
	 0.0000000000000000e+00 	 0.0000000000000000e+00 	 3.3617018970506046e+10 	 1.5093763369730726e+10 	 7.3194843792345166e+08 	 0.0000000000000000e+00
	 0.0000000000000000e+00 	 0.0000000000000000e+00 	 1.5093763367447723e+10 	 7.7915232326455673e+10 	 -3.1634236560889473e+09 	 0.0000000000000000e+00
	 0.0000000000000000e+00 	 0.0000000000000000e+00 	 7.3194843991942859e+08 	 -3.1634236466854262e+09 	 3.4040842080544086e+10 	 0.0000000000000000e+00
	 -4.8936260114219002e+07 	 4.3269913665748797e+07 	 0.0000000000000000e+00 	 0.0000000000000000e+00 	 0.0000000000000000e+00 	 1.6070116571183147e+09

	 6.5935372775890153e+02 	 0.0000000000000000e+00 	 0.0000000000000000e+00 	 0.0000000000000000e+00 	 0.0000000000000000e+00 	 -3.7471711742946303e+02
	 0.0000000000000000e+00 	 6.5935372775890153e+02 	 0.0000000000000000e+00 	 0.0000000000000000e+00 	 0.0000000000000000e+00 	 1.9604987385857091e+00
	 0.0000000000000000e+00 	 0.0000000000000000e+00 	 6.5935372775890153e+02 	 3.7471711742946303e+02 	 -1.9604987385857091e+00 	 0.0000000000000000e+00
	 0.0000000000000000e+00 	 0.0000000000000000e+00 	 3.7471711742946303e+02 	 2.0764494591560369e+03 	 -6.5421432593150413e+01 	 0.0000000000000000e+00
	 0.0000000000000000e+00 	 0.0000000000000000e+00 	 -1.9604987385857091e+00 	 -6.5421432593150413e+01 	 5.1162810959013439e+02 	 0.0000000000000000e+00
	 -3.7471711742946303e+02 	 1.9604987385857091e+00 	 0.0000000000000000e+00 	 0.0000000000000000e+00 	 0.0000000000000000e+00 	 2.5880775687461683e+03

	 0.325000 
	 3.2729444513311923e+08 	 1.7147804963050898e+07 	 0.0000000000000000e+00 	 0.0000000000000000e+00 	 0.0000000000000000e+00 	 -3.6447173710469738e+07
	 1.7147804962850079e+07 	 5.0410097130718791e+08 	 0.0000000000000000e+00 	 0.0000000000000000e+00 	 0.0000000000000000e+00 	 3.3141792833373129e+07
	 0.0000000000000000e+00 	 0.0000000000000000e+00 	 3.2744809957013336e+10 	 1.4335727194818745e+10 	 8.5117951116158605e+08 	 0.0000000000000000e+00
	 0.0000000000000000e+00 	 0.0000000000000000e+00 	 1.4335727194815361e+10 	 7.1231761170057419e+10 	 -2.2536419706716218e+09 	 0.0000000000000000e+00
	 0.0000000000000000e+00 	 0.0000000000000000e+00 	 8.5117951116102469e+08 	 -2.2536419706730208e+09 	 2.8660884699668556e+10 	 0.0000000000000000e+00
	 -3.6447173710179172e+07 	 3.3141792833454248e+07 	 0.0000000000000000e+00 	 0.0000000000000000e+00 	 0.0000000000000000e+00 	 1.3478843915558324e+09

	 6.2961483364649496e+02 	 0.0000000000000000e+00 	 0.0000000000000000e+00 	 0.0000000000000000e+00 	 0.0000000000000000e+00 	 -3.5371772340543100e+02
	 0.0000000000000000e+00 	 6.2961483364649496e+02 	 0.0000000000000000e+00 	 0.0000000000000000e+00 	 0.0000000000000000e+00 	 -3.0507047639436018e+00
	 0.0000000000000000e+00 	 0.0000000000000000e+00 	 6.2961483364649496e+02 	 3.5371772340543100e+02 	 3.0507047639436018e+00 	 0.0000000000000000e+00
	 0.0000000000000000e+00 	 0.0000000000000000e+00 	 3.5371772340543100e+02 	 1.8484851793551613e+03 	 -4.9988041217450579e+01 	 0.0000000000000000e+00
	 0.0000000000000000e+00 	 0.0000000000000000e+00 	 3.0507047639436018e+00 	 -4.9988041217450579e+01 	 4.2516649495894717e+02 	 0.0000000000000000e+00
	 -3.5371772340543100e+02 	 -3.0507047639436018e+00 	 0.0000000000000000e+00 	 0.0000000000000000e+00 	 0.0000000000000000e+00 	 2.2736516743141074e+03

	 0.360000 
	 2.9427858174541968e+08 	 1.1363029220536062e+07 	 0.0000000000000000e+00 	 0.0000000000000000e+00 	 0.0000000000000000e+00 	 -2.0686245087828286e+07
	 1.1363029221271699e+07 	 4.7307337386485547e+08 	 0.0000000000000000e+00 	 0.0000000000000000e+00 	 0.0000000000000000e+00 	 2.9381504816444255e+07
	 0.0000000000000000e+00 	 0.0000000000000000e+00 	 3.0901793112749233e+10 	 1.2542404630490950e+10 	 3.2614323824993074e+08 	 0.0000000000000000e+00
	 0.0000000000000000e+00 	 0.0000000000000000e+00 	 1.2542404630490170e+10 	 5.9193982475278091e+10 	 -1.4152850516221404e+09 	 0.0000000000000000e+00
	 0.0000000000000000e+00 	 0.0000000000000000e+00 	 3.2614323824996394e+08 	 -1.4152850516223853e+09 	 2.2288106591554905e+10 	 0.0000000000000000e+00
	 -2.0686245087750457e+07 	 2.9381504817028355e+07 	 0.0000000000000000e+00 	 0.0000000000000000e+00 	 0.0000000000000000e+00 	 1.0630287995397042e+09

	 5.8338583398571495e+02 	 0.0000000000000000e+00 	 0.0000000000000000e+00 	 0.0000000000000000e+00 	 0.0000000000000000e+00 	 -3.1592481642507903e+02
	 0.0000000000000000e+00 	 5.8338583398571495e+02 	 0.0000000000000000e+00 	 0.0000000000000000e+00 	 0.0000000000000000e+00 	 2.3314158110538572e+00
	 0.0000000000000000e+00 	 0.0000000000000000e+00 	 5.8338583398571495e+02 	 3.1592481642507903e+02 	 -2.3314158110538572e+00 	 0.0000000000000000e+00
	 0.0000000000000000e+00 	 0.0000000000000000e+00 	 3.1592481642507903e+02 	 1.5287550792797726e+03 	 -3.6129499633484080e+01 	 0.0000000000000000e+00
	 0.0000000000000000e+00 	 0.0000000000000000e+00 	 -2.3314158110538572e+00 	 -3.6129499633484080e+01 	 3.2666097838057721e+02 	 0.0000000000000000e+00
	 -3.1592481642507903e+02 	 2.3314158110538572e+00 	 0.0000000000000000e+00 	 0.0000000000000000e+00 	 0.0000000000000000e+00 	 1.8554160576603524e+03

	 0.380000 
	 2.7788203706775296e+08 	 9.6670153982274327e+06 	 0.0000000000000000e+00 	 0.0000000000000000e+00 	 0.0000000000000000e+00 	 -1.3003409266445639e+07
	 9.6670153980776221e+06 	 4.5906187441977888e+08 	 0.0000000000000000e+00 	 0.0000000000000000e+00 	 0.0000000000000000e+00 	 2.8453520770819291e+07
	 0.0000000000000000e+00 	 0.0000000000000000e+00 	 2.9767843078643387e+10 	 1.1501015961955118e+10 	 2.1730644791118765e+08 	 0.0000000000000000e+00
	 0.0000000000000000e+00 	 0.0000000000000000e+00 	 1.1501015961957005e+10 	 5.3335996923233627e+10 	 -1.1816200858239510e+09 	 0.0000000000000000e+00
	 0.0000000000000000e+00 	 0.0000000000000000e+00 	 2.1730644791080528e+08 	 -1.1816200858230629e+09 	 1.9331797898120392e+10 	 0.0000000000000000e+00
	 -1.3003409266210822e+07 	 2.8453520770580687e+07 	 0.0000000000000000e+00 	 0.0000000000000000e+00 	 0.0000000000000000e+00 	 9.3673883365465844e+08

	 5.5835186328129862e+02 	 0.0000000000000000e+00 	 0.0000000000000000e+00 	 0.0000000000000000e+00 	 0.0000000000000000e+00 	 -2.9403416996608212e+02
	 0.0000000000000000e+00 	 5.5835186328129862e+02 	 0.0000000000000000e+00 	 0.0000000000000000e+00 	 0.0000000000000000e+00 	 3.5290354090340896e+00
	 0.0000000000000000e+00 	 0.0000000000000000e+00 	 5.5835186328129862e+02 	 2.9403416996608212e+02 	 -3.5290354090340896e+00 	 0.0000000000000000e+00
	 0.0000000000000000e+00 	 0.0000000000000000e+00 	 2.9403416996608212e+02 	 1.3792199330029518e+03 	 -3.1703657894669679e+01 	 0.0000000000000000e+00
	 0.0000000000000000e+00 	 0.0000000000000000e+00 	 -3.5290354090340896e+00 	 -3.1703657894669679e+01 	 2.8212651481116200e+02 	 0.0000000000000000e+00
	 -2.9403416996608212e+02 	 3.5290354090340896e+00 	 0.0000000000000000e+00 	 0.0000000000000000e+00 	 0.0000000000000000e+00 	 1.6613464478141150e+03

	 0.400000 
	 2.6203701674157670e+08 	 7.8180306040032320e+06 	 0.0000000000000000e+00 	 0.0000000000000000e+00 	 0.0000000000000000e+00 	 -6.3691207105253944e+06
	 7.8180306038932772e+06 	 4.4624843841609913e+08 	 0.0000000000000000e+00 	 0.0000000000000000e+00 	 0.0000000000000000e+00 	 2.8037245946979608e+07
	 0.0000000000000000e+00 	 0.0000000000000000e+00 	 2.8589227574139614e+10 	 1.0440689500831200e+10 	 1.0647439389423040e+08 	 0.0000000000000000e+00
	 0.0000000000000000e+00 	 0.0000000000000000e+00 	 1.0440689500829481e+10 	 4.7739227109608986e+10 	 -9.6562391601355052e+08 	 0.0000000000000000e+00
	 0.0000000000000000e+00 	 0.0000000000000000e+00 	 1.0647439389435898e+08 	 -9.6562391601399779e+08 	 1.6683672987750694e+10 	 0.0000000000000000e+00
	 -6.3691207102120640e+06 	 2.8037245946877640e+07 	 0.0000000000000000e+00 	 0.0000000000000000e+00 	 0.0000000000000000e+00 	 8.2437147689772582e+08

	 5.3328025291695519e+02 	 0.0000000000000000e+00 	 0.0000000000000000e+00 	 0.0000000000000000e+00 	 0.0000000000000000e+00 	 -2.7211399174134220e+02
	 0.0000000000000000e+00 	 5.3328025291695519e+02 	 0.0000000000000000e+00 	 0.0000000000000000e+00 	 0.0000000000000000e+00 	 4.7275377323843912e+00
	 0.0000000000000000e+00 	 0.0000000000000000e+00 	 5.3328025291695519e+02 	 2.7211399174134220e+02 	 -4.7275377323843912e+00 	 0.0000000000000000e+00
	 0.0000000000000000e+00 	 0.0000000000000000e+00 	 2.7211399174134220e+02 	 1.2397552735723068e+03 	 -2.7719208876514713e+01 	 0.0000000000000000e+00
	 0.0000000000000000e+00 	 0.0000000000000000e+00 	 -4.7275377323843912e+00 	 -2.7719208876514713e+01 	 2.4265253239740153e+02 	 0.0000000000000000e+00
	 -2.7211399174134220e+02 	 4.7275377323843912e+00 	 0.0000000000000000e+00 	 0.0000000000000000e+00 	 0.0000000000000000e+00 	 1.4824078059697022e+03

	 0.425000 
	 2.4274906398632699e+08 	 6.2559244243429080e+06 	 0.0000000000000000e+00 	 0.0000000000000000e+00 	 0.0000000000000000e+00 	 9.7761285048657586e+05
	 6.2559244241485205e+06 	 4.3073619785707706e+08 	 0.0000000000000000e+00 	 0.0000000000000000e+00 	 0.0000000000000000e+00 	 2.7225211383503139e+07
	 0.0000000000000000e+00 	 0.0000000000000000e+00 	 2.7165562036206802e+10 	 9.2479846659660759e+09 	 9.1376579509559292e+06 	 0.0000000000000000e+00
	 0.0000000000000000e+00 	 0.0000000000000000e+00 	 9.2479846659648609e+09 	 4.1513613948205032e+10 	 -7.7701617492931736e+08 	 0.0000000000000000e+00
	 0.0000000000000000e+00 	 0.0000000000000000e+00 	 9.1376579506294001e+06 	 -7.7701617492941797e+08 	 1.3780885581792006e+10 	 0.0000000000000000e+00
	 9.7761285051815608e+05 	 2.7225211383632384e+07 	 0.0000000000000000e+00 	 0.0000000000000000e+00 	 0.0000000000000000e+00 	 6.9917078247556376e+08

	 5.0293074756108967e+02 	 0.0000000000000000e+00 	 0.0000000000000000e+00 	 0.0000000000000000e+00 	 0.0000000000000000e+00 	 -2.4633949376659518e+02
	 0.0000000000000000e+00 	 5.0293074756108967e+02 	 0.0000000000000000e+00 	 0.0000000000000000e+00 	 0.0000000000000000e+00 	 5.7459021619288482e+00
	 0.0000000000000000e+00 	 0.0000000000000000e+00 	 5.0293074756108967e+02 	 2.4633949376659518e+02 	 -5.7459021619288482e+00 	 0.0000000000000000e+00
	 0.0000000000000000e+00 	 0.0000000000000000e+00 	 2.4633949376659518e+02 	 1.0819354423757836e+03 	 -2.3830297216548221e+01 	 0.0000000000000000e+00
	 0.0000000000000000e+00 	 0.0000000000000000e+00 	 -5.7459021619288482e+00 	 -2.3830297216548221e+01 	 1.9963392475815908e+02 	 0.0000000000000000e+00
	 -2.4633949376659518e+02 	 5.7459021619288482e+00 	 0.0000000000000000e+00 	 0.0000000000000000e+00 	 0.0000000000000000e+00 	 1.2815693671339479e+03

	 0.450000 
	 2.2497829964924708e+08 	 5.1235284555739826e+06 	 0.0000000000000000e+00 	 0.0000000000000000e+00 	 0.0000000000000000e+00 	 7.2415002954991302e+06
	 5.1235284556584246e+06 	 4.1558974883309501e+08 	 0.0000000000000000e+00 	 0.0000000000000000e+00 	 0.0000000000000000e+00 	 2.6014132459126346e+07
	 0.0000000000000000e+00 	 0.0000000000000000e+00 	 2.5836389082100819e+10 	 8.1839815061611156e+09 	 -7.7124224216752842e+07 	 0.0000000000000000e+00
	 0.0000000000000000e+00 	 0.0000000000000000e+00 	 8.1839815061614370e+09 	 3.6254140502912224e+10 	 -6.3823854940924287e+08 	 0.0000000000000000e+00
	 0.0000000000000000e+00 	 0.0000000000000000e+00 	 -7.7124224216612369e+07 	 -6.3823854940899456e+08 	 1.1392984337950165e+10 	 0.0000000000000000e+00
	 7.2415002955166660e+06 	 2.6014132458271254e+07 	 0.0000000000000000e+00 	 0.0000000000000000e+00 	 0.0000000000000000e+00 	 5.9336439325403428e+08

	 4.7445912586663690e+02 	 0.0000000000000000e+00 	 0.0000000000000000e+00 	 0.0000000000000000e+00 	 0.0000000000000000e+00 	 -2.2223178786082607e+02
	 0.0000000000000000e+00 	 4.7445912586663690e+02 	 0.0000000000000000e+00 	 0.0000000000000000e+00 	 0.0000000000000000e+00 	 6.5741329471757908e+00
	 0.0000000000000000e+00 	 0.0000000000000000e+00 	 4.7445912586663690e+02 	 2.2223178786082607e+02 	 -6.5741329471757908e+00 	 0.0000000000000000e+00
	 0.0000000000000000e+00 	 0.0000000000000000e+00 	 2.2223178786082607e+02 	 9.4393822611894041e+02 	 -2.0493111160957149e+01 	 0.0000000000000000e+00
	 0.0000000000000000e+00 	 0.0000000000000000e+00 	 -6.5741329471757908e+00 	 -2.0493111160957149e+01 	 1.6443896579731498e+02 	 0.0000000000000000e+00
	 -2.2223178786082607e+02 	 6.5741329471757908e+00 	 0.0000000000000000e+00 	 0.0000000000000000e+00 	 0.0000000000000000e+00 	 1.1083771919162637e+03

	 0.475000 
	 2.0937012785865766e+08 	 3.8164263607920073e+06 	 0.0000000000000000e+00 	 0.0000000000000000e+00 	 0.0000000000000000e+00 	 1.2087245304298803e+07
	 3.8164263610758865e+06 	 4.0334278447093529e+08 	 0.0000000000000000e+00 	 0.0000000000000000e+00 	 0.0000000000000000e+00 	 2.3999127925241333e+07
	 0.0000000000000000e+00 	 0.0000000000000000e+00 	 2.4459553948727665e+10 	 6.9990562558457737e+09 	 -1.3640295049165788e+08 	 0.0000000000000000e+00
	 0.0000000000000000e+00 	 0.0000000000000000e+00 	 6.9990562558440323e+09 	 3.1024083141708584e+10 	 -5.0160140006740528e+08 	 0.0000000000000000e+00
	 0.0000000000000000e+00 	 0.0000000000000000e+00 	 -1.3640295049176589e+08 	 -5.0160140006744462e+08 	 9.4682464184529800e+09 	 0.0000000000000000e+00
	 1.2087245304034319e+07 	 2.3999127923182096e+07 	 0.0000000000000000e+00 	 0.0000000000000000e+00 	 0.0000000000000000e+00 	 5.0744530238321787e+08

	 4.4661543839441100e+02 	 0.0000000000000000e+00 	 0.0000000000000000e+00 	 0.0000000000000000e+00 	 0.0000000000000000e+00 	 -1.9732456812052152e+02
	 0.0000000000000000e+00 	 4.4661543839441100e+02 	 0.0000000000000000e+00 	 0.0000000000000000e+00 	 0.0000000000000000e+00 	 7.0402237445375473e+00
	 0.0000000000000000e+00 	 0.0000000000000000e+00 	 4.4661543839441100e+02 	 1.9732456812052152e+02 	 -7.0402237445375473e+00 	 0.0000000000000000e+00
	 0.0000000000000000e+00 	 0.0000000000000000e+00 	 1.9732456812052152e+02 	 8.1689612636805089e+02 	 -1.7250140372740105e+01 	 0.0000000000000000e+00
	 0.0000000000000000e+00 	 0.0000000000000000e+00 	 -7.0402237445375473e+00 	 -1.7250140372740105e+01 	 1.3632940405741556e+02 	 0.0000000000000000e+00
	 -1.9732456812052152e+02 	 7.0402237445375473e+00 	 0.0000000000000000e+00 	 0.0000000000000000e+00 	 0.0000000000000000e+00 	 9.5322553042546690e+02

	 0.500000 
	 1.9427974736574751e+08 	 2.4612582428996731e+06 	 0.0000000000000000e+00 	 0.0000000000000000e+00 	 0.0000000000000000e+00 	 1.5840824118874772e+07
	 2.4612582427289090e+06 	 3.8978873033800083e+08 	 0.0000000000000000e+00 	 0.0000000000000000e+00 	 0.0000000000000000e+00 	 2.3407476734122340e+07
	 0.0000000000000000e+00 	 0.0000000000000000e+00 	 2.3145224344493050e+10 	 6.2352084764978914e+09 	 -1.8615242031424609e+08 	 0.0000000000000000e+00
	 0.0000000000000000e+00 	 0.0000000000000000e+00 	 6.2352084764970961e+09 	 2.7479382245472992e+10 	 -3.9111855076049113e+08 	 0.0000000000000000e+00
	 0.0000000000000000e+00 	 0.0000000000000000e+00 	 -1.8615242031423116e+08 	 -3.9111855076063663e+08 	 7.8048529007359409e+09 	 0.0000000000000000e+00
	 1.5840824118841926e+07 	 2.3407476733871251e+07 	 0.0000000000000000e+00 	 0.0000000000000000e+00 	 0.0000000000000000e+00 	 4.3249109078334171e+08

	 4.2014496013317881e+02 	 0.0000000000000000e+00 	 0.0000000000000000e+00 	 0.0000000000000000e+00 	 0.0000000000000000e+00 	 -1.7720230727868133e+02
	 0.0000000000000000e+00 	 4.2014496013317881e+02 	 0.0000000000000000e+00 	 0.0000000000000000e+00 	 0.0000000000000000e+00 	 7.3746198162649748e+00
	 0.0000000000000000e+00 	 0.0000000000000000e+00 	 4.2014496013317881e+02 	 1.7720230727868133e+02 	 -7.3746198162649748e+00 	 0.0000000000000000e+00
	 0.0000000000000000e+00 	 0.0000000000000000e+00 	 1.7720230727868133e+02 	 7.1595242319733836e+02 	 -1.4526832539946627e+01 	 0.0000000000000000e+00
	 0.0000000000000000e+00 	 0.0000000000000000e+00 	 -7.3746198162649748e+00 	 -1.4526832539946627e+01 	 1.1225609481411746e+02 	 0.0000000000000000e+00
	 -1.7720230727868133e+02 	 7.3746198162649748e+00 	 0.0000000000000000e+00 	 0.0000000000000000e+00 	 0.0000000000000000e+00 	 8.2820851801145830e+02

	 0.525000 
	 1.7289192064805967e+08 	 2.1160684599043494e+06 	 0.0000000000000000e+00 	 0.0000000000000000e+00 	 0.0000000000000000e+00 	 3.3714653340339407e+07
	 2.1160684597650338e+06 	 3.6683730757816398e+08 	 0.0000000000000000e+00 	 0.0000000000000000e+00 	 0.0000000000000000e+00 	 2.0024986186418999e+07
	 0.0000000000000000e+00 	 0.0000000000000000e+00 	 2.1762072238094303e+10 	 5.2698090282127562e+09 	 -2.2320167026112729e+08 	 0.0000000000000000e+00
	 0.0000000000000000e+00 	 0.0000000000000000e+00 	 5.2698090282127399e+09 	 2.3607895742293240e+10 	 -2.9830004776336318e+08 	 0.0000000000000000e+00
	 0.0000000000000000e+00 	 0.0000000000000000e+00 	 -2.2320167026123393e+08 	 -2.9830004776340872e+08 	 6.3764664113269873e+09 	 0.0000000000000000e+00
	 3.3714653340380795e+07 	 2.0024986186413471e+07 	 0.0000000000000000e+00 	 0.0000000000000000e+00 	 0.0000000000000000e+00 	 3.3328747563752580e+08

	 3.8636169205258102e+02 	 0.0000000000000000e+00 	 0.0000000000000000e+00 	 0.0000000000000000e+00 	 0.0000000000000000e+00 	 -1.4079172641337792e+02
	 0.0000000000000000e+00 	 3.8636169205258102e+02 	 0.0000000000000000e+00 	 0.0000000000000000e+00 	 0.0000000000000000e+00 	 6.8148856421608821e+00
	 0.0000000000000000e+00 	 0.0000000000000000e+00 	 3.8636169205258102e+02 	 1.4079172641337792e+02 	 -6.8148856421608821e+00 	 0.0000000000000000e+00
	 0.0000000000000000e+00 	 0.0000000000000000e+00 	 1.4079172641337792e+02 	 5.8877390271271418e+02 	 -1.0683315881020301e+01 	 0.0000000000000000e+00
	 0.0000000000000000e+00 	 0.0000000000000000e+00 	 -6.8148856421608821e+00 	 -1.0683315881020301e+01 	 9.1474652740144009e+01 	 0.0000000000000000e+00
	 -1.4079172641337792e+02 	 6.8148856421608821e+00 	 0.0000000000000000e+00 	 0.0000000000000000e+00 	 0.0000000000000000e+00 	 6.8024855545285936e+02

	 0.550000 
	 1.6210287322857231e+08 	 1.2789181069481259e+06 	 0.0000000000000000e+00 	 0.0000000000000000e+00 	 0.0000000000000000e+00 	 3.3024635527894109e+07
	 1.2789181069346457e+06 	 3.5537613930385876e+08 	 0.0000000000000000e+00 	 0.0000000000000000e+00 	 0.0000000000000000e+00 	 1.8855528251794618e+07
	 0.0000000000000000e+00 	 0.0000000000000000e+00 	 2.0423205862349358e+10 	 4.4896644431501684e+09 	 -2.4057439668027470e+08 	 0.0000000000000000e+00
	 0.0000000000000000e+00 	 0.0000000000000000e+00 	 4.4896644431493902e+09 	 2.0371567468071465e+10 	 -2.3395266614201796e+08 	 0.0000000000000000e+00
	 0.0000000000000000e+00 	 0.0000000000000000e+00 	 -2.4057439668028355e+08 	 -2.3395266614204687e+08 	 5.2880572225553741e+09 	 0.0000000000000000e+00
	 3.3024635527942482e+07 	 1.8855528251822691e+07 	 0.0000000000000000e+00 	 0.0000000000000000e+00 	 0.0000000000000000e+00 	 2.8928061797487777e+08

	 3.6234341396705247e+02 	 0.0000000000000000e+00 	 0.0000000000000000e+00 	 0.0000000000000000e+00 	 0.0000000000000000e+00 	 -1.2358845691565710e+02
	 0.0000000000000000e+00 	 3.6234341396705247e+02 	 0.0000000000000000e+00 	 0.0000000000000000e+00 	 0.0000000000000000e+00 	 6.8101403260428599e+00
	 0.0000000000000000e+00 	 0.0000000000000000e+00 	 3.6234341396705247e+02 	 1.2358845691565710e+02 	 -6.8101403260428599e+00 	 0.0000000000000000e+00
	 0.0000000000000000e+00 	 0.0000000000000000e+00 	 1.2358845691565710e+02 	 5.0861189875524622e+02 	 -8.9865547006991022e+00 	 0.0000000000000000e+00
	 0.0000000000000000e+00 	 0.0000000000000000e+00 	 -6.8101403260428599e+00 	 -8.9865547006991022e+00 	 7.5984451635726373e+01 	 0.0000000000000000e+00
	 -1.2358845691565710e+02 	 6.8101403260428599e+00 	 0.0000000000000000e+00 	 0.0000000000000000e+00 	 0.0000000000000000e+00 	 5.8459635039097316e+02

	 0.570000 
	 1.5538773327163723e+08 	 1.3925432921749803e+06 	 0.0000000000000000e+00 	 0.0000000000000000e+00 	 0.0000000000000000e+00 	 3.2563150977420736e+07
	 1.3925432921247589e+06 	 3.4534047466786259e+08 	 0.0000000000000000e+00 	 0.0000000000000000e+00 	 0.0000000000000000e+00 	 1.6423283880963022e+07
	 0.0000000000000000e+00 	 0.0000000000000000e+00 	 1.9385967668062511e+10 	 3.8706851839107189e+09 	 -2.5346174139640969e+08 	 0.0000000000000000e+00
	 0.0000000000000000e+00 	 0.0000000000000000e+00 	 3.8706851839105244e+09 	 1.7788239624210854e+10 	 -2.2228098284306782e+08 	 0.0000000000000000e+00
	 0.0000000000000000e+00 	 0.0000000000000000e+00 	 -2.5346174139646631e+08 	 -2.2228098284307924e+08 	 4.6242454818797913e+09 	 0.0000000000000000e+00
	 3.2563150977457907e+07 	 1.6423283881020296e+07 	 0.0000000000000000e+00 	 0.0000000000000000e+00 	 0.0000000000000000e+00 	 2.6209306855407095e+08

	 3.4409700422541425e+02 	 0.0000000000000000e+00 	 0.0000000000000000e+00 	 0.0000000000000000e+00 	 0.0000000000000000e+00 	 -1.1016369201142122e+02
	 0.0000000000000000e+00 	 3.4409700422541425e+02 	 0.0000000000000000e+00 	 0.0000000000000000e+00 	 0.0000000000000000e+00 	 6.7395432571686991e+00
	 0.0000000000000000e+00 	 0.0000000000000000e+00 	 3.4409700422541425e+02 	 1.1016369201142122e+02 	 -6.7395432571686991e+00 	 0.0000000000000000e+00
	 0.0000000000000000e+00 	 0.0000000000000000e+00 	 1.1016369201142122e+02 	 4.4838225266904368e+02 	 -8.0882648354935363e+00 	 0.0000000000000000e+00
	 0.0000000000000000e+00 	 0.0000000000000000e+00 	 -6.7395432571686991e+00 	 -8.0882648354935363e+00 	 6.6598729370070046e+01 	 0.0000000000000000e+00
	 -1.1016369201142122e+02 	 6.7395432571686991e+00 	 0.0000000000000000e+00 	 0.0000000000000000e+00 	 0.0000000000000000e+00 	 5.1498098203911491e+02

	 0.600000 
	 1.4548645344766432e+08 	 7.9840442285639839e+05 	 0.0000000000000000e+00 	 0.0000000000000000e+00 	 0.0000000000000000e+00 	 3.1888373563684419e+07
	 7.9840442280911084e+05 	 3.3051385051665592e+08 	 0.0000000000000000e+00 	 0.0000000000000000e+00 	 0.0000000000000000e+00 	 1.3184167042780010e+07
	 0.0000000000000000e+00 	 0.0000000000000000e+00 	 1.7856178388518173e+10 	 3.0698814669648986e+09 	 -2.4989623457279068e+08 	 0.0000000000000000e+00
	 0.0000000000000000e+00 	 0.0000000000000000e+00 	 3.0698814669645958e+09 	 1.4497495970242455e+10 	 -1.7934269694680586e+08 	 0.0000000000000000e+00
	 0.0000000000000000e+00 	 0.0000000000000000e+00 	 -2.4989623457282597e+08 	 -1.7934269694691491e+08 	 3.7439455119540634e+09 	 0.0000000000000000e+00
	 3.1888373563727368e+07 	 1.3184167042829929e+07 	 0.0000000000000000e+00 	 0.0000000000000000e+00 	 0.0000000000000000e+00 	 2.2530973401843891e+08

	 3.1729947410676192e+02 	 0.0000000000000000e+00 	 0.0000000000000000e+00 	 0.0000000000000000e+00 	 0.0000000000000000e+00 	 -9.2332775220087314e+01
	 0.0000000000000000e+00 	 3.1729947410676192e+02 	 0.0000000000000000e+00 	 0.0000000000000000e+00 	 0.0000000000000000e+00 	 6.2929380946031790e+00
	 0.0000000000000000e+00 	 0.0000000000000000e+00 	 3.1729947410676192e+02 	 9.2332775220087314e+01 	 -6.2929380946031790e+00 	 0.0000000000000000e+00
	 0.0000000000000000e+00 	 0.0000000000000000e+00 	 9.2332775220087314e+01 	 3.7007390934343130e+02 	 -6.6806990323483042e+00 	 0.0000000000000000e+00
	 0.0000000000000000e+00 	 0.0000000000000000e+00 	 -6.2929380946031790e+00 	 -6.6806990323483042e+00 	 5.4122849698833079e+01 	 0.0000000000000000e+00
	 -9.2332775220087314e+01 	 6.2929380946031790e+00 	 0.0000000000000000e+00 	 0.0000000000000000e+00 	 0.0000000000000000e+00 	 4.2419675904226449e+02

	 0.625000 
	 1.3733343448331618e+08 	 3.2552228195308626e+05 	 0.0000000000000000e+00 	 0.0000000000000000e+00 	 0.0000000000000000e+00 	 3.1089590256124344e+07
	 3.2552228184793616e+05 	 3.1819368748400986e+08 	 0.0000000000000000e+00 	 0.0000000000000000e+00 	 0.0000000000000000e+00 	 1.0989950318996632e+07
	 0.0000000000000000e+00 	 0.0000000000000000e+00 	 1.6594481019041243e+10 	 2.5050558461374393e+09 	 -2.4996863501312178e+08 	 0.0000000000000000e+00
	 0.0000000000000000e+00 	 0.0000000000000000e+00 	 2.5050558461369634e+09 	 1.2227927926290089e+10 	 -1.4843121606092665e+08 	 0.0000000000000000e+00
	 0.0000000000000000e+00 	 0.0000000000000000e+00 	 -2.4996863501303646e+08 	 -1.4843121606091520e+08 	 3.1123668989278512e+09 	 0.0000000000000000e+00
	 3.1089590256135724e+07 	 1.0989950319036834e+07 	 0.0000000000000000e+00 	 0.0000000000000000e+00 	 0.0000000000000000e+00 	 1.9773571061207083e+08

	 2.9576266572678446e+02 	 0.0000000000000000e+00 	 0.0000000000000000e+00 	 0.0000000000000000e+00 	 0.0000000000000000e+00 	 -7.9256278231590670e+01
	 0.0000000000000000e+00 	 2.9576266572678446e+02 	 0.0000000000000000e+00 	 0.0000000000000000e+00 	 0.0000000000000000e+00 	 6.0039756809525739e+00
	 0.0000000000000000e+00 	 0.0000000000000000e+00 	 2.9576266572678446e+02 	 7.9256278231590670e+01 	 -6.0039756809525739e+00 	 0.0000000000000000e+00
	 0.0000000000000000e+00 	 0.0000000000000000e+00 	 7.9256278231590670e+01 	 3.1515813126806785e+02 	 -5.6530719266661826e+00 	 0.0000000000000000e+00
	 0.0000000000000000e+00 	 0.0000000000000000e+00 	 -6.0039756809525739e+00 	 -5.6530719266661826e+00 	 4.5202798221595053e+01 	 0.0000000000000000e+00
	 -7.9256278231590670e+01 	 6.0039756809525739e+00 	 0.0000000000000000e+00 	 0.0000000000000000e+00 	 0.0000000000000000e+00 	 3.6036092948966291e+02

	 0.710000 
	 1.1020204989214145e+08 	 -1.1107333089092164e+06 	 0.0000000000000000e+00 	 0.0000000000000000e+00 	 0.0000000000000000e+00 	 2.6745697507321626e+07
	 -1.1107333088957341e+06 	 2.7930852445567209e+08 	 0.0000000000000000e+00 	 0.0000000000000000e+00 	 0.0000000000000000e+00 	 7.9574704279254479e+06
	 0.0000000000000000e+00 	 0.0000000000000000e+00 	 1.2548293524320841e+10 	 1.1694205614326522e+09 	 -2.1971025477827477e+08 	 0.0000000000000000e+00
	 0.0000000000000000e+00 	 0.0000000000000000e+00 	 1.1694205614326072e+09 	 7.0807698807043381e+09 	 -6.6267752188779935e+07 	 0.0000000000000000e+00
	 0.0000000000000000e+00 	 0.0000000000000000e+00 	 -2.1971025477828360e+08 	 -6.6267752188815430e+07 	 1.5624096439850073e+09 	 0.0000000000000000e+00
	 2.6745697507312432e+07 	 7.9574704279165128e+06 	 0.0000000000000000e+00 	 0.0000000000000000e+00 	 0.0000000000000000e+00 	 1.2228886760373917e+08

	 2.2868120582497252e+02 	 0.0000000000000000e+00 	 0.0000000000000000e+00 	 0.0000000000000000e+00 	 0.0000000000000000e+00 	 -4.6135067513866879e+01
	 0.0000000000000000e+00 	 2.2868120582497252e+02 	 0.0000000000000000e+00 	 0.0000000000000000e+00 	 0.0000000000000000e+00 	 4.8932710218897162e+00
	 0.0000000000000000e+00 	 0.0000000000000000e+00 	 2.2868120582497252e+02 	 4.6135067513866879e+01 	 -4.8932710218897162e+00 	 0.0000000000000000e+00
	 0.0000000000000000e+00 	 0.0000000000000000e+00 	 4.6135067513866879e+01 	 1.8463161759236993e+02 	 -3.0823833776669902e+00 	 0.0000000000000000e+00
	 0.0000000000000000e+00 	 0.0000000000000000e+00 	 -4.8932710218897162e+00 	 -3.0823833776669902e+00 	 2.3234550330681518e+01 	 0.0000000000000000e+00
	 -4.6135067513866879e+01 	 4.8932710218897162e+00 	 0.0000000000000000e+00 	 0.0000000000000000e+00 	 0.0000000000000000e+00 	 2.0786616792305222e+02

	 0.725000 
	 1.0542282787074926e+08 	 -1.1269125573847529e+06 	 0.0000000000000000e+00 	 0.0000000000000000e+00 	 0.0000000000000000e+00 	 2.5796631468631003e+07
	 -1.1269125574108779e+06 	 2.7278083008879042e+08 	 0.0000000000000000e+00 	 0.0000000000000000e+00 	 0.0000000000000000e+00 	 7.7878752769284174e+06
	 0.0000000000000000e+00 	 0.0000000000000000e+00 	 1.1899829182499290e+10 	 9.9622402634626520e+08 	 -2.1370888029674217e+08 	 0.0000000000000000e+00
	 0.0000000000000000e+00 	 0.0000000000000000e+00 	 9.9622402634625173e+08 	 6.4150194868770905e+09 	 -5.9273995649771430e+07 	 0.0000000000000000e+00
	 0.0000000000000000e+00 	 0.0000000000000000e+00 	 -2.1370888029681250e+08 	 -5.9273995649800807e+07 	 1.3670519830726426e+09 	 0.0000000000000000e+00
	 2.5796631468605347e+07 	 7.7878752768990062e+06 	 0.0000000000000000e+00 	 0.0000000000000000e+00 	 0.0000000000000000e+00 	 1.1137061608406070e+08

	 2.1784648801838208e+02 	 0.0000000000000000e+00 	 0.0000000000000000e+00 	 0.0000000000000000e+00 	 0.0000000000000000e+00 	 -4.1568826257823304e+01
	 0.0000000000000000e+00 	 2.1784648801838208e+02 	 0.0000000000000000e+00 	 0.0000000000000000e+00 	 0.0000000000000000e+00 	 4.7242000270656934e+00
	 0.0000000000000000e+00 	 0.0000000000000000e+00 	 2.1784648801838208e+02 	 4.1568826257823304e+01 	 -4.7242000270656934e+00 	 0.0000000000000000e+00
	 0.0000000000000000e+00 	 0.0000000000000000e+00 	 4.1568826257823304e+01 	 1.6725216987683578e+02 	 -2.7745859513311202e+00 	 0.0000000000000000e+00
	 0.0000000000000000e+00 	 0.0000000000000000e+00 	 -4.7242000270656934e+00 	 -2.7745859513311202e+00 	 2.0430858091884499e+01 	 0.0000000000000000e+00
	 -4.1568826257823304e+01 	 4.7242000270656934e+00 	 0.0000000000000000e+00 	 0.0000000000000000e+00 	 0.0000000000000000e+00 	 1.8768302796871970e+02

	 0.750000 
	 9.7883225776505679e+07 	 -1.5212922267934724e+06 	 0.0000000000000000e+00 	 0.0000000000000000e+00 	 0.0000000000000000e+00 	 2.4279581310578320e+07
	 -1.5212922267872260e+06 	 2.6134406888186818e+08 	 0.0000000000000000e+00 	 0.0000000000000000e+00 	 0.0000000000000000e+00 	 7.1568502626164388e+06
	 0.0000000000000000e+00 	 0.0000000000000000e+00 	 1.0823053935709826e+10 	 7.2432509434253430e+08 	 -1.9720175112063926e+08 	 0.0000000000000000e+00
	 0.0000000000000000e+00 	 0.0000000000000000e+00 	 7.2432509434251881e+08 	 5.3882899477295074e+09 	 -4.2041132482245289e+07 	 0.0000000000000000e+00
	 0.0000000000000000e+00 	 0.0000000000000000e+00 	 -1.9720175112064758e+08 	 -4.2041132482241385e+07 	 1.0884401723165946e+09 	 0.0000000000000000e+00
	 2.4279581310580369e+07 	 7.1568502625898449e+06 	 0.0000000000000000e+00 	 0.0000000000000000e+00 	 0.0000000000000000e+00 	 9.4986125689197749e+07

	 1.9998896886295077e+02 	 0.0000000000000000e+00 	 0.0000000000000000e+00 	 0.0000000000000000e+00 	 0.0000000000000000e+00 	 -3.4437880859213436e+01
	 0.0000000000000000e+00 	 1.9998896886295077e+02 	 0.0000000000000000e+00 	 0.0000000000000000e+00 	 0.0000000000000000e+00 	 4.3415872647507587e+00
	 0.0000000000000000e+00 	 0.0000000000000000e+00 	 1.9998896886295077e+02 	 3.4437880859213436e+01 	 -4.3415872647507587e+00 	 0.0000000000000000e+00
	 0.0000000000000000e+00 	 0.0000000000000000e+00 	 3.4437880859213436e+01 	 1.4078602826610518e+02 	 -2.2341223518723852e+00 	 0.0000000000000000e+00
	 0.0000000000000000e+00 	 0.0000000000000000e+00 	 -4.3415872647507587e+00 	 -2.2341223518723852e+00 	 1.6425568225573766e+01 	 0.0000000000000000e+00
	 -3.4437880859213436e+01 	 4.3415872647507587e+00 	 0.0000000000000000e+00 	 0.0000000000000000e+00 	 0.0000000000000000e+00 	 1.5721159649167924e+02

	 0.775000 
	 9.2281285090798080e+07 	 -1.7597972606045012e+06 	 0.0000000000000000e+00 	 0.0000000000000000e+00 	 0.0000000000000000e+00 	 2.3246462043350507e+07
	 -1.7597972605883130e+06 	 2.5048388237944141e+08 	 0.0000000000000000e+00 	 0.0000000000000000e+00 	 0.0000000000000000e+00 	 6.3183724053864814e+06
	 0.0000000000000000e+00 	 0.0000000000000000e+00 	 9.7673602514344196e+09 	 4.5560545146687049e+08 	 -1.6687866192022449e+08 	 0.0000000000000000e+00
	 0.0000000000000000e+00 	 0.0000000000000000e+00 	 4.5560545146678227e+08 	 4.4410814882402763e+09 	 -2.8518351569074970e+07 	 0.0000000000000000e+00
	 0.0000000000000000e+00 	 0.0000000000000000e+00 	 -1.6687866192022505e+08 	 -2.8518351569048528e+07 	 8.8421112956068826e+08 	 0.0000000000000000e+00
	 2.3246462043365993e+07 	 6.3183724054144975e+06 	 0.0000000000000000e+00 	 0.0000000000000000e+00 	 0.0000000000000000e+00 	 8.2536480230631530e+07

	 1.8297852983481093e+02 	 0.0000000000000000e+00 	 0.0000000000000000e+00 	 0.0000000000000000e+00 	 0.0000000000000000e+00 	 -2.7909775696805717e+01
	 0.0000000000000000e+00 	 1.8297852983481093e+02 	 0.0000000000000000e+00 	 0.0000000000000000e+00 	 0.0000000000000000e+00 	 3.7657650938616358e+00
	 0.0000000000000000e+00 	 0.0000000000000000e+00 	 1.8297852983481093e+02 	 2.7909775696805717e+01 	 -3.7657650938616358e+00 	 0.0000000000000000e+00
	 0.0000000000000000e+00 	 0.0000000000000000e+00 	 2.7909775696805717e+01 	 1.1758217617192872e+02 	 -1.7901976861405091e+00 	 0.0000000000000000e+00
	 0.0000000000000000e+00 	 0.0000000000000000e+00 	 -3.7657650938616358e+00 	 -1.7901976861405091e+00 	 1.3497843197796435e+01 	 0.0000000000000000e+00
	 -2.7909775696805717e+01 	 3.7657650938616358e+00 	 0.0000000000000000e+00 	 0.0000000000000000e+00 	 0.0000000000000000e+00 	 1.3108001936972485e+02

	 0.800000 
	 8.6721608966206342e+07 	 -2.0169426822712452e+06 	 0.0000000000000000e+00 	 0.0000000000000000e+00 	 0.0000000000000000e+00 	 2.2105404498071503e+07
	 -2.0169426822813484e+06 	 2.3913939245041469e+08 	 0.0000000000000000e+00 	 0.0000000000000000e+00 	 0.0000000000000000e+00 	 5.6571347167732399e+06
	 0.0000000000000000e+00 	 0.0000000000000000e+00 	 8.7369710769383068e+09 	 2.0285006593221188e+08 	 -1.3920369376482862e+08 	 0.0000000000000000e+00
	 0.0000000000000000e+00 	 0.0000000000000000e+00 	 2.0285006593215621e+08 	 3.5969054602718883e+09 	 -1.6614810736661319e+07 	 0.0000000000000000e+00
	 0.0000000000000000e+00 	 0.0000000000000000e+00 	 -1.3920369376481661e+08 	 -1.6614810736665998e+07 	 7.1141391243135595e+08 	 0.0000000000000000e+00
	 2.2105404498064402e+07 	 5.6571347167595606e+06 	 0.0000000000000000e+00 	 0.0000000000000000e+00 	 0.0000000000000000e+00 	 7.1178704439528376e+07

	 1.6614057771787850e+02 	 0.0000000000000000e+00 	 0.0000000000000000e+00 	 0.0000000000000000e+00 	 0.0000000000000000e+00 	 -2.1769512412027126e+01
	 0.0000000000000000e+00 	 1.6614057771787850e+02 	 0.0000000000000000e+00 	 0.0000000000000000e+00 	 0.0000000000000000e+00 	 3.2280219344506862e+00
	 0.0000000000000000e+00 	 0.0000000000000000e+00 	 1.6614057771787850e+02 	 2.1769512412027126e+01 	 -3.2280219344506862e+00 	 0.0000000000000000e+00
	 0.0000000000000000e+00 	 0.0000000000000000e+00 	 2.1769512412027126e+01 	 9.7053374790910908e+01 	 -1.3990564341193019e+00 	 0.0000000000000000e+00
	 0.0000000000000000e+00 	 0.0000000000000000e+00 	 -3.2280219344506862e+00 	 -1.3990564341193019e+00 	 1.0993915606929484e+01 	 0.0000000000000000e+00
	 -2.1769512412027126e+01 	 3.2280219344506862e+00 	 0.0000000000000000e+00 	 0.0000000000000000e+00 	 0.0000000000000000e+00 	 1.0804729039784064e+02

	 0.830000 
	 7.8795428203984484e+07 	 -2.4644698300251164e+06 	 0.0000000000000000e+00 	 0.0000000000000000e+00 	 0.0000000000000000e+00 	 2.0234997814841688e+07
	 -2.4644698300049612e+06 	 2.0718339721269688e+08 	 0.0000000000000000e+00 	 0.0000000000000000e+00 	 0.0000000000000000e+00 	 4.4132251453239266e+06
	 0.0000000000000000e+00 	 0.0000000000000000e+00 	 7.5027925854116268e+09 	 -6.8926591322489902e+07 	 -1.0890415786107329e+08 	 0.0000000000000000e+00
	 0.0000000000000000e+00 	 0.0000000000000000e+00 	 -6.8926591322486669e+07 	 2.7224194791210313e+09 	 -4.2050126407001149e+06 	 0.0000000000000000e+00
	 0.0000000000000000e+00 	 0.0000000000000000e+00 	 -1.0890415786108261e+08 	 -4.2050126407040292e+06 	 5.4291123917456114e+08 	 0.0000000000000000e+00
	 2.0234997814840224e+07 	 4.4132251453060172e+06 	 0.0000000000000000e+00 	 0.0000000000000000e+00 	 0.0000000000000000e+00 	 5.6947021510756157e+07

	 1.4237803727986997e+02 	 0.0000000000000000e+00 	 0.0000000000000000e+00 	 0.0000000000000000e+00 	 0.0000000000000000e+00 	 -1.3515524924185113e+01
	 0.0000000000000000e+00 	 1.4237803727986997e+02 	 0.0000000000000000e+00 	 0.0000000000000000e+00 	 0.0000000000000000e+00 	 2.5328414618341508e+00
	 0.0000000000000000e+00 	 0.0000000000000000e+00 	 1.4237803727986997e+02 	 1.3515524924185113e+01 	 -2.5328414618341508e+00 	 0.0000000000000000e+00
	 0.0000000000000000e+00 	 0.0000000000000000e+00 	 1.3515524924185113e+01 	 7.3281877815284389e+01 	 -9.0594672462944803e-01 	 0.0000000000000000e+00
	 0.0000000000000000e+00 	 0.0000000000000000e+00 	 -2.5328414618341508e+00 	 -9.0594672462944803e-01 	 8.3772219514757893e+00 	 0.0000000000000000e+00
	 -1.3515524924185113e+01 	 2.5328414618341508e+00 	 0.0000000000000000e+00 	 0.0000000000000000e+00 	 0.0000000000000000e+00 	 8.1659099766760178e+01

	 0.850000 
	 7.2407734689163774e+07 	 -2.9826968821293553e+06 	 0.0000000000000000e+00 	 0.0000000000000000e+00 	 0.0000000000000000e+00 	 1.8634790942870453e+07
	 -2.9826968821310033e+06 	 1.7430228284321460e+08 	 0.0000000000000000e+00 	 0.0000000000000000e+00 	 0.0000000000000000e+00 	 3.4323714929143554e+06
	 0.0000000000000000e+00 	 0.0000000000000000e+00 	 6.6873436909089508e+09 	 -2.3778054576303706e+08 	 -9.1093290731114820e+07 	 0.0000000000000000e+00
	 0.0000000000000000e+00 	 0.0000000000000000e+00 	 -2.3778054576313090e+08 	 2.2008931301864109e+09 	 3.2460582034206241e+06 	 0.0000000000000000e+00
	 0.0000000000000000e+00 	 0.0000000000000000e+00 	 -9.1093290731130064e+07 	 3.2460582034234004e+06 	 4.4658458037515229e+08 	 0.0000000000000000e+00
	 1.8634790942873579e+07 	 3.4323714929132741e+06 	 0.0000000000000000e+00 	 0.0000000000000000e+00 	 0.0000000000000000e+00 	 4.6749423705939770e+07

	 1.2525912990905208e+02 	 0.0000000000000000e+00 	 0.0000000000000000e+00 	 0.0000000000000000e+00 	 0.0000000000000000e+00 	 -8.1565222099724597e+00
	 0.0000000000000000e+00 	 1.2525912990905208e+02 	 0.0000000000000000e+00 	 0.0000000000000000e+00 	 0.0000000000000000e+00 	 2.0976953509674501e+00
	 0.0000000000000000e+00 	 0.0000000000000000e+00 	 1.2525912990905208e+02 	 8.1565222099724597e+00 	 -2.0976953509674501e+00 	 0.0000000000000000e+00
	 0.0000000000000000e+00 	 0.0000000000000000e+00 	 8.1565222099724597e+00 	 5.8371036384462855e+01 	 -6.0702086851762338e-01 	 0.0000000000000000e+00
	 0.0000000000000000e+00 	 0.0000000000000000e+00 	 -2.0976953509674501e+00 	 -6.0702086851762338e-01 	 6.8024859126162038e+00 	 0.0000000000000000e+00
	 -8.1565222099724597e+00 	 2.0976953509674501e+00 	 0.0000000000000000e+00 	 0.0000000000000000e+00 	 0.0000000000000000e+00 	 6.5173522297078833e+01

	 0.875000 
	 6.5132620566838637e+07 	 -3.2770907900585979e+06 	 0.0000000000000000e+00 	 0.0000000000000000e+00 	 0.0000000000000000e+00 	 1.6808922402564023e+07
	 -3.2770907900415831e+06 	 1.4189596061491832e+08 	 0.0000000000000000e+00 	 0.0000000000000000e+00 	 0.0000000000000000e+00 	 2.5610909707979471e+06
	 0.0000000000000000e+00 	 0.0000000000000000e+00 	 5.7564606145431557e+09 	 -3.9289412243013608e+08 	 -7.2910385654688641e+07 	 0.0000000000000000e+00
	 0.0000000000000000e+00 	 0.0000000000000000e+00 	 -3.9289412243014401e+08 	 1.6795421364674497e+09 	 8.7299773570495583e+06 	 0.0000000000000000e+00
	 0.0000000000000000e+00 	 0.0000000000000000e+00 	 -7.2910385654707223e+07 	 8.7299773570507914e+06 	 3.4656837652586412e+08 	 0.0000000000000000e+00
	 1.6808922402565319e+07 	 2.5610909707804564e+06 	 0.0000000000000000e+00 	 0.0000000000000000e+00 	 0.0000000000000000e+00 	 3.6733588880590685e+07

	 1.0677051128341809e+02 	 0.0000000000000000e+00 	 0.0000000000000000e+00 	 0.0000000000000000e+00 	 0.0000000000000000e+00 	 -3.3215586837117170e+00
	 0.0000000000000000e+00 	 1.0677051128341809e+02 	 0.0000000000000000e+00 	 0.0000000000000000e+00 	 0.0000000000000000e+00 	 1.6721425079264007e+00
	 0.0000000000000000e+00 	 0.0000000000000000e+00 	 1.0677051128341809e+02 	 3.3215586837117170e+00 	 -1.6721425079264007e+00 	 0.0000000000000000e+00
	 0.0000000000000000e+00 	 0.0000000000000000e+00 	 3.3215586837117170e+00 	 4.4154255103445344e+01 	 -3.5446596513823325e-01 	 0.0000000000000000e+00
	 0.0000000000000000e+00 	 0.0000000000000000e+00 	 -1.6721425079264007e+00 	 -3.5446596513823325e-01 	 5.2206785366414259e+00 	 0.0000000000000000e+00
	 -3.3215586837117170e+00 	 1.6721425079264007e+00 	 0.0000000000000000e+00 	 0.0000000000000000e+00 	 0.0000000000000000e+00 	 4.9374933640086681e+01

	 0.900000 
	 5.8464538182290316e+07 	 -3.2954293638632596e+06 	 0.0000000000000000e+00 	 0.0000000000000000e+00 	 0.0000000000000000e+00 	 1.5051033154012250e+07
	 -3.2954293638801584e+06 	 1.2435676827579419e+08 	 0.0000000000000000e+00 	 0.0000000000000000e+00 	 0.0000000000000000e+00 	 2.1309295952675240e+06
	 0.0000000000000000e+00 	 0.0000000000000000e+00 	 4.9288137658646555e+09 	 -4.8539841830526108e+08 	 -5.8055591729224078e+07 	 0.0000000000000000e+00
	 0.0000000000000000e+00 	 0.0000000000000000e+00 	 -4.8539841830530351e+08 	 1.2769424006166716e+09 	 1.1206006380236611e+07 	 0.0000000000000000e+00
	 0.0000000000000000e+00 	 0.0000000000000000e+00 	 -5.8055591729216971e+07 	 1.1206006380241750e+07 	 2.6120271347620311e+08 	 0.0000000000000000e+00
	 1.5051033154011771e+07 	 2.1309295952835567e+06 	 0.0000000000000000e+00 	 0.0000000000000000e+00 	 0.0000000000000000e+00 	 2.9161384984909829e+07

	 9.2040879566636804e+01 	 0.0000000000000000e+00 	 0.0000000000000000e+00 	 0.0000000000000000e+00 	 0.0000000000000000e+00 	 -6.0633877491315757e-01
	 0.0000000000000000e+00 	 9.2040879566636804e+01 	 0.0000000000000000e+00 	 0.0000000000000000e+00 	 0.0000000000000000e+00 	 1.3651117019699830e+00
	 0.0000000000000000e+00 	 0.0000000000000000e+00 	 9.2040879566636804e+01 	 6.0633877491315757e-01 	 -1.3651117019699830e+00 	 0.0000000000000000e+00
	 0.0000000000000000e+00 	 0.0000000000000000e+00 	 6.0633877491315757e-01 	 3.3965291447676769e+01 	 -2.1205402373658691e-01 	 0.0000000000000000e+00
	 0.0000000000000000e+00 	 0.0000000000000000e+00 	 -1.3651117019699830e+00 	 -2.1205402373658691e-01 	 3.9503701304917858e+00 	 0.0000000000000000e+00
	 -6.0633877491315757e-01 	 1.3651117019699830e+00 	 0.0000000000000000e+00 	 0.0000000000000000e+00 	 0.0000000000000000e+00 	 3.7915661578168510e+01

	 0.925000 
	 5.0836917704171382e+07 	 -2.9649160599668855e+06 	 0.0000000000000000e+00 	 0.0000000000000000e+00 	 0.0000000000000000e+00 	 1.2348716701054549e+07
	 -2.9649160599909150e+06 	 1.1658334102593242e+08 	 0.0000000000000000e+00 	 0.0000000000000000e+00 	 0.0000000000000000e+00 	 2.0324050063300049e+06
	 0.0000000000000000e+00 	 0.0000000000000000e+00 	 4.1725547610084634e+09 	 -5.1160783627897090e+08 	 -4.5186578604512580e+07 	 0.0000000000000000e+00
	 0.0000000000000000e+00 	 0.0000000000000000e+00 	 -5.1160783627894890e+08 	 9.5629493774813306e+08 	 1.0616317056042105e+07 	 0.0000000000000000e+00
	 0.0000000000000000e+00 	 0.0000000000000000e+00 	 -4.5186578604506977e+07 	 1.0616317056048421e+07 	 1.8507955992075348e+08 	 0.0000000000000000e+00
	 1.2348716701049408e+07 	 2.0324050063434739e+06 	 0.0000000000000000e+00 	 0.0000000000000000e+00 	 0.0000000000000000e+00 	 2.2092097655901894e+07

	 7.8890161224014761e+01 	 0.0000000000000000e+00 	 0.0000000000000000e+00 	 0.0000000000000000e+00 	 0.0000000000000000e+00 	 -1.4260461868916174e-01
	 0.0000000000000000e+00 	 7.8890161224014761e+01 	 0.0000000000000000e+00 	 0.0000000000000000e+00 	 0.0000000000000000e+00 	 1.1215291762335675e+00
	 0.0000000000000000e+00 	 0.0000000000000000e+00 	 7.8890161224014761e+01 	 1.4260461868916174e-01 	 -1.1215291762335675e+00 	 0.0000000000000000e+00
	 0.0000000000000000e+00 	 0.0000000000000000e+00 	 1.4260461868916174e-01 	 2.5843275125777048e+01 	 -1.5328437477661502e-01 	 0.0000000000000000e+00
	 0.0000000000000000e+00 	 0.0000000000000000e+00 	 -1.1215291762335675e+00 	 -1.5328437477661502e-01 	 2.8520961464543451e+00 	 0.0000000000000000e+00
	 -1.4260461868916174e-01 	 1.1215291762335675e+00 	 0.0000000000000000e+00 	 0.0000000000000000e+00 	 0.0000000000000000e+00 	 2.8695371272231370e+01

	 0.950000 
	 4.2462778559275612e+07 	 -2.1717753809514018e+06 	 0.0000000000000000e+00 	 0.0000000000000000e+00 	 0.0000000000000000e+00 	 9.8194352916287072e+06
	 -2.1717753809450613e+06 	 1.1358656256373262e+08 	 0.0000000000000000e+00 	 0.0000000000000000e+00 	 0.0000000000000000e+00 	 2.1098254003311158e+06
	 0.0000000000000000e+00 	 0.0000000000000000e+00 	 3.5257550102617264e+09 	 -5.5589315674540579e+08 	 -3.3723292208330907e+07 	 0.0000000000000000e+00
	 0.0000000000000000e+00 	 0.0000000000000000e+00 	 -5.5589315674541473e+08 	 7.0577092965297484e+08 	 8.3458135573967043e+06 	 0.0000000000000000e+00
	 0.0000000000000000e+00 	 0.0000000000000000e+00 	 -3.3723292208326496e+07 	 8.3458135573994657e+06 	 1.1790782381333797e+08 	 0.0000000000000000e+00
	 9.8194352916308101e+06 	 2.1098254003223488e+06 	 0.0000000000000000e+00 	 0.0000000000000000e+00 	 0.0000000000000000e+00 	 1.5749425109141354e+07

	 6.6560035745588962e+01 	 0.0000000000000000e+00 	 0.0000000000000000e+00 	 0.0000000000000000e+00 	 0.0000000000000000e+00 	 8.6449858363503729e-01
	 0.0000000000000000e+00 	 6.6560035745588962e+01 	 0.0000000000000000e+00 	 0.0000000000000000e+00 	 0.0000000000000000e+00 	 8.8506923312679353e-01
	 0.0000000000000000e+00 	 0.0000000000000000e+00 	 6.6560035745588962e+01 	 -8.6449858363503729e-01 	 -8.8506923312679353e-01 	 0.0000000000000000e+00
	 0.0000000000000000e+00 	 0.0000000000000000e+00 	 -8.6449858363503729e-01 	 1.8807965960221910e+01 	 -1.1489748504534701e-01 	 0.0000000000000000e+00
	 0.0000000000000000e+00 	 0.0000000000000000e+00 	 -8.8506923312679353e-01 	 -1.1489748504534701e-01 	 1.8679894651230766e+00 	 0.0000000000000000e+00
	 8.6449858363503729e-01 	 8.8506923312679353e-01 	 0.0000000000000000e+00 	 0.0000000000000000e+00 	 0.0000000000000000e+00 	 2.0675955425344874e+01

	 0.970000 
	 5.5315362309981557e+06 	 4.9228713396156253e+05 	 0.0000000000000000e+00 	 0.0000000000000000e+00 	 0.0000000000000000e+00 	 1.9874248436023118e+06
	 4.9228713394253427e+05 	 6.8173707302970037e+07 	 0.0000000000000000e+00 	 0.0000000000000000e+00 	 0.0000000000000000e+00 	 1.5051718036405423e+06
	 0.0000000000000000e+00 	 0.0000000000000000e+00 	 1.9013846901053240e+09 	 -1.3397910946685325e+08 	 -2.1160455351930663e+07 	 0.0000000000000000e+00
	 0.0000000000000000e+00 	 0.0000000000000000e+00 	 -1.3397910946685876e+08 	 2.3348760753818452e+08 	 2.1037198134551910e+06 	 0.0000000000000000e+00
	 0.0000000000000000e+00 	 0.0000000000000000e+00 	 -2.1160455351930059e+07 	 2.1037198134577698e+06 	 4.7469865610705040e+07 	 0.0000000000000000e+00
	 1.9874248436017488e+06 	 1.5051718036438799e+06 	 0.0000000000000000e+00 	 0.0000000000000000e+00 	 0.0000000000000000e+00 	 4.1203994177522333e+06

	 3.7478028952758280e+01 	 0.0000000000000000e+00 	 0.0000000000000000e+00 	 0.0000000000000000e+00 	 0.0000000000000000e+00 	 -2.5472158602110038e+00
	 0.0000000000000000e+00 	 3.7478028952758280e+01 	 0.0000000000000000e+00 	 0.0000000000000000e+00 	 0.0000000000000000e+00 	 5.4017208800306626e-01
	 0.0000000000000000e+00 	 0.0000000000000000e+00 	 3.7478028952758280e+01 	 2.5472158602110038e+00 	 -5.4017208800306626e-01 	 0.0000000000000000e+00
	 0.0000000000000000e+00 	 0.0000000000000000e+00 	 2.5472158602110038e+00 	 7.6665123907786574e+00 	 -9.7955670162432756e-02 	 0.0000000000000000e+00
	 0.0000000000000000e+00 	 0.0000000000000000e+00 	 -5.4017208800306626e-01 	 -9.7955670162432756e-02 	 7.8474054159408990e-01 	 0.0000000000000000e+00
	 -2.5472158602110038e+00 	 5.4017208800306626e-01 	 0.0000000000000000e+00 	 0.0000000000000000e+00 	 0.0000000000000000e+00 	 8.4512529323727357e+00

	 0.985000 
	 2.2192490837376593e+06 	 2.7166739917689579e+05 	 0.0000000000000000e+00 	 0.0000000000000000e+00 	 0.0000000000000000e+00 	 2.9144606719225924e+05
	 2.7166739917373913e+05 	 3.2811833345388170e+07 	 0.0000000000000000e+00 	 0.0000000000000000e+00 	 0.0000000000000000e+00 	 5.5705424374856288e+05
	 0.0000000000000000e+00 	 0.0000000000000000e+00 	 1.3878697822601119e+08 	 2.5999508295008462e+07 	 -1.8518523174307470e+06 	 0.0000000000000000e+00
	 0.0000000000000000e+00 	 0.0000000000000000e+00 	 2.5999508295009226e+07 	 1.9666491385550883e+07 	 -4.9008208478494070e+05 	 0.0000000000000000e+00
	 0.0000000000000000e+00 	 0.0000000000000000e+00 	 -1.8518523174296364e+06 	 -4.9008208478496521e+05 	 9.0292631122743257e+05 	 0.0000000000000000e+00
	 2.9144606719295820e+05 	 5.5705424374825659e+05 	 0.0000000000000000e+00 	 0.0000000000000000e+00 	 0.0000000000000000e+00 	 7.7005288383637602e+05

	 1.1844940542954051e+01 	 0.0000000000000000e+00 	 0.0000000000000000e+00 	 0.0000000000000000e+00 	 0.0000000000000000e+00 	 -2.2211534561526443e+00
	 0.0000000000000000e+00 	 1.1844940542954051e+01 	 0.0000000000000000e+00 	 0.0000000000000000e+00 	 0.0000000000000000e+00 	 1.5789463543382468e-01
	 0.0000000000000000e+00 	 0.0000000000000000e+00 	 1.1844940542954051e+01 	 2.2211534561526443e+00 	 -1.5789463543382468e-01 	 0.0000000000000000e+00
	 0.0000000000000000e+00 	 0.0000000000000000e+00 	 2.2211534561526443e+00 	 1.6819300302875591e+00 	 -4.1772161289098914e-02 	 0.0000000000000000e+00
	 0.0000000000000000e+00 	 0.0000000000000000e+00 	 -1.5789463543382468e-01 	 -4.1772161289098914e-02 	 7.7428063148920270e-02 	 0.0000000000000000e+00
	 -2.2211534561526443e+00 	 1.5789463543382468e-01 	 0.0000000000000000e+00 	 0.0000000000000000e+00 	 0.0000000000000000e+00 	 1.7593580934364779e+00

	 1.000000 
	 7.6289372742491018e+05 	 1.2443892989896772e+05 	 0.0000000000000000e+00 	 0.0000000000000000e+00 	 0.0000000000000000e+00 	 1.7642585694566431e+04
	 1.2443892989889570e+05 	 1.0876976397872452e+07 	 0.0000000000000000e+00 	 0.0000000000000000e+00 	 0.0000000000000000e+00 	 6.7153641339173540e+04
	 0.0000000000000000e+00 	 0.0000000000000000e+00 	 4.5628502617221214e+07 	 2.7564171186864660e+06 	 -2.5735676739527093e+05 	 0.0000000000000000e+00
	 0.0000000000000000e+00 	 0.0000000000000000e+00 	 2.7564171186865293e+06 	 6.9661727035745804e+05 	 -2.1975392243258226e+04 	 0.0000000000000000e+00
	 0.0000000000000000e+00 	 0.0000000000000000e+00 	 -2.5735676739527922e+05 	 -2.1975392243258175e+04 	 3.4543819841322278e+04 	 0.0000000000000000e+00
	 1.7642585694567748e+04 	 6.7153641339179376e+04 	 0.0000000000000000e+00 	 0.0000000000000000e+00 	 0.0000000000000000e+00 	 3.0173525762284891e+04

	 3.9492898248814816e+00 	 0.0000000000000000e+00 	 0.0000000000000000e+00 	 0.0000000000000000e+00 	 0.0000000000000000e+00 	 -2.4866637510383524e-01
	 0.0000000000000000e+00 	 3.9492898248814816e+00 	 0.0000000000000000e+00 	 0.0000000000000000e+00 	 0.0000000000000000e+00 	 2.2081946669192803e-02
	 0.0000000000000000e+00 	 0.0000000000000000e+00 	 3.9492898248814816e+00 	 2.4866637510383524e-01 	 -2.2081946669192803e-02 	 0.0000000000000000e+00
	 0.0000000000000000e+00 	 0.0000000000000000e+00 	 2.4866637510383524e-01 	 6.3149692965208587e-02 	 -1.9049303212553825e-03 	 0.0000000000000000e+00
	 0.0000000000000000e+00 	 0.0000000000000000e+00 	 -2.2081946669192803e-02 	 -1.9049303212553825e-03 	 2.9976181304348141e-03 	 0.0000000000000000e+00
	 -2.4866637510383524e-01 	 2.2081946669192803e-02 	 0.0000000000000000e+00 	 0.0000000000000000e+00 	 0.0000000000000000e+00 	 6.6147311095643480e-02
