# ----- Rotor performance tables for the WEIS Turbine wind turbine ----- 
# ------------ Written on Jul-18-26 using the ROSCO toolbox ------------ 

# Pitch angle vector, 10 entries - x axis (matrix columns) (deg)
-5.0   -1.111   2.778   6.667   10.56   14.44   18.33   22.22   26.11   30.0   
# TSR vector, 10 entries - y axis (matrix rows) (-)
2.0    3.111    4.222    5.333    6.444    7.556    8.667    9.778    10.89    12.0    
# Wind speed vector - z axis (m/s)
9.137    

# Power coefficient

-0.002440   0.004475   0.011687   0.019508   0.028832   0.039877   0.048573   0.051662   0.049123   0.042348   
0.004942   0.030991   0.062067   0.092410   0.106761   0.104323   0.090528   0.069667   0.043943   0.014696   
0.048244   0.121477   0.172826   0.183708   0.166641   0.134031   0.091508   0.042213   -0.012135   -0.069245   
0.157017   0.254817   0.274659   0.249038   0.199449   0.134690   0.059011   -0.024967   -0.115620   -0.192985   
0.309826   0.368268   0.350654   0.293405   0.212222   0.112043   -0.002884   -0.131396   -0.261880   -0.343047   
0.419584   0.442752   0.403358   0.322821   0.209648   0.069307   -0.094503   -0.279757   -0.444612   -0.533983   
0.424853   0.473368   0.438615   0.341609   0.194734   0.006677   -0.218425   -0.471109   -0.663340   -0.794588   
0.375159   0.452960   0.458697   0.352105   0.168372   -0.077172   -0.378000   -0.706347   -0.926377   -1.143220   
0.306352   0.408836   0.462236   0.355213   0.130303   -0.184197   -0.576548   -0.986903   -1.246961   -1.593979   
0.215842   0.355838   0.446294   0.351092   0.079720   -0.316639   -0.816965   -1.315720   -1.639442   -2.158990   


#  Thrust coefficient

0.082071   0.078109   0.074025   0.070568   0.068899   0.069436   0.070013   0.067252   0.060452   0.050569   
0.123858   0.122522   0.127033   0.135107   0.136252   0.125151   0.105276   0.080118   0.051539   0.020729   
0.199957   0.217528   0.233834   0.226156   0.196342   0.154398   0.105278   0.052028   -0.003285   -0.057577   
0.329440   0.361212   0.350485   0.302044   0.234618   0.156821   0.073519   -0.011857   -0.096492   -0.159346   
0.511675   0.516527   0.455774   0.362446   0.253588   0.136089   0.015204   -0.106581   -0.215906   -0.259806   
0.715608   0.660055   0.547776   0.409473   0.256788   0.096592   -0.066622   -0.229062   -0.348496   -0.351047   
0.891621   0.785348   0.629600   0.446894   0.247904   0.040485   -0.170744   -0.374451   -0.487578   -0.442392   
1.044024   0.888960   0.704300   0.477491   0.228706   -0.031355   -0.296459   -0.538328   -0.631318   -0.543856   
1.196675   0.985415   0.772485   0.502656   0.199956   -0.118476   -0.442877   -0.717350   -0.780304   -0.660241   
1.354766   1.085685   0.833151   0.523072   0.162011   -0.220575   -0.608701   -0.909873   -0.936857   -0.792826   


# Torque coefficient

-0.001227   0.002250   0.005876   0.009809   0.014498   0.020052   0.024424   0.025977   0.024700   0.021294   
0.001598   0.010018   0.020063   0.029871   0.034510   0.033722   0.029263   0.022520   0.014205   0.004750   
0.011491   0.028934   0.041164   0.043756   0.039691   0.031924   0.021796   0.010054   -0.002890   -0.016493   
0.029607   0.048049   0.051790   0.046959   0.037608   0.025397   0.011127   -0.004708   -0.021801   -0.036390   
0.048349   0.057469   0.054720   0.045786   0.033117   0.017484   -0.000450   -0.020504   -0.040867   -0.053533   
0.055848   0.058931   0.053688   0.042968   0.027905   0.009225   -0.012579   -0.037236   -0.059179   -0.071074   
0.049299   0.054929   0.050896   0.039640   0.022597   0.000775   -0.025346   -0.054666   -0.076973   -0.092202   
0.038586   0.046588   0.047178   0.036215   0.017317   -0.007937   -0.038878   -0.072649   -0.095280   -0.117582   
0.028294   0.037759   0.042691   0.032806   0.012034   -0.017012   -0.053248   -0.091147   -0.115165   -0.147215   
0.018089   0.029821   0.037402   0.029423   0.006681   -0.026536   -0.068466   -0.110264   -0.137394   -0.180934   

