# ----- Rotor performance tables for the OpenFAST_IO Turbine wind turbine ----- 
# ------------ Written on Aug-19-26 using the ROSCO toolbox ------------ 

# Pitch angle vector, 30 entries - x axis (matrix columns) (deg)
-5.0   -3.793   -2.586   -1.379   -0.1724   1.034   2.241   3.448   4.655   5.862   7.069   8.276   9.483   10.69   11.9   13.1   14.31   15.52   16.72   17.93   19.14   20.34   21.55   22.76   23.97   25.17   26.38   27.59   28.79   30.0   
# TSR vector, 30 entries - y axis (matrix rows) (-)
2.0    2.345    2.69    3.034    3.379    3.724    4.069    4.414    4.759    5.103    5.448    5.793    6.138    6.483    6.828    7.172    7.517    7.862    8.207    8.552    8.897    9.241    9.586    9.931    10.28    10.62    10.97    11.31    11.66    12.0    
# Wind speed vector - z axis (m/s)
9.137    

# Power coefficient

-0.002440   -0.000328   0.001816   0.003989   0.006186   0.008411   0.010669   0.012974   0.015345   0.017805   0.020382   0.023112   0.026038   0.029194   0.032570   0.036064   0.039506   0.042718   0.045552   0.047908   0.049713   0.050934   0.051561   0.051619   0.051140   0.050177   0.048775   0.046978   0.044824   0.042348   
-0.002545   0.000815   0.004209   0.007643   0.011138   0.014717   0.018413   0.022265   0.026323   0.030651   0.035311   0.040296   0.045440   0.050438   0.055001   0.058932   0.062101   0.064434   0.065901   0.066520   0.066337   0.065428   0.063875   0.061757   0.059137   0.056072   0.052607   0.048782   0.044633   0.040190   
-0.000744   0.004260   0.009347   0.014554   0.019927   0.025524   0.031423   0.037723   0.044504   0.051690   0.058896   0.065607   0.071458   0.076257   0.079886   0.082296   0.083508   0.083587   0.082647   0.080809   0.078203   0.074929   0.071073   0.066697   0.061855   0.056598   0.050968   0.045000   0.038723   0.032166   
0.003570   0.010772   0.018173   0.025850   0.033907   0.042479   0.051702   0.061499   0.071308   0.080313   0.088016   0.094202   0.098752   0.101636   0.102918   0.102728   0.101231   0.098614   0.095049   0.090682   0.085613   0.079920   0.073672   0.066927   0.059737   0.052149   0.044205   0.035933   0.027357   0.018492   
0.011122   0.021221   0.031735   0.042831   0.054713   0.067468   0.080576   0.092844   0.103369   0.111846   0.118134   0.122204   0.124158   0.124189   0.122525   0.119411   0.115092   0.109770   0.103584   0.096635   0.089007   0.080769   0.071987   0.062724   0.053037   0.042960   0.032525   0.021750   0.010658   -0.000729   
0.022678   0.036566   0.051272   0.067067   0.083879   0.100535   0.115309   0.127431   0.136703   0.143065   0.146639   0.147682   0.146494   0.143385   0.138678   0.132664   0.125561   0.117509   0.108613   0.098957   0.088623   0.077689   0.066230   0.054303   0.041946   0.029186   0.016047   0.002553   -0.011271   -0.025321   
0.039109   0.057963   0.078229   0.099643   0.120290   0.137974   0.152020   0.162296   0.168906   0.172160   0.172444   0.170159   0.165707   0.159470   0.151794   0.142914   0.132975   0.122084   0.110338   0.097830   0.084648   0.070882   0.056594   0.041819   0.026588   0.010930   -0.005135   -0.021584   -0.038274   -0.054786   
0.061459   0.086710   0.113360   0.138751   0.160079   0.176604   0.188305   0.195530   0.198774   0.198560   0.195396   0.189758   0.182102   0.172837   0.162224   0.150414   0.137523   0.123662   0.108930   0.093433   0.077274   0.060518   0.043209   0.025381   0.007059   -0.011736   -0.030984   -0.050535   -0.069903   -0.088354   
0.090860   0.123454   0.154664   0.180731   0.200596   0.214397   0.222785   0.226467   0.226120   0.222363   0.215763   0.206848   0.196103   0.183837   0.170213   0.155363   0.139399   0.122436   0.104593   0.085980   0.066681   0.046747   0.026211   0.005097   -0.016573   -0.038778   -0.061412   -0.083966   -0.105603   -0.125306   
0.128185   0.166513   0.198826   0.223270   0.240113   0.250389   0.255084   0.255070   0.251097   0.243828   0.233876   0.221807   0.208014   0.192688   0.175965   0.157965   0.138815   0.118633   0.097545   0.075663   0.053040   0.029709   0.005697   -0.018974   -0.044289   -0.070197   -0.096248   -0.121534   -0.144894   -0.165108   
0.172302   0.212727   0.243399   0.264502   0.277552   0.283970   0.284874   0.281177   0.273655   0.263003   0.249866   0.234761   0.217924   0.199492   0.179597   0.158363   0.135912   0.112386   0.087919   0.062580   0.036406   0.009424   -0.018346   -0.046892   -0.076197   -0.105971   -0.135297   -0.162905   -0.187321   -0.207295   
0.220214   0.259304   0.286305   0.303255   0.312260   0.314804   0.312009   0.304779   0.293891   0.280064   0.263950   0.245873   0.225982   0.204407   0.181266   0.156694   0.130835   0.103838   0.075809   0.046791   0.016810   -0.014116   -0.045974   -0.078758   -0.112357   -0.145995   -0.178338   -0.207719   -0.232501   -0.251735   
0.268696   0.303814   0.326155   0.338790   0.343844   0.342721   0.336471   0.325964   0.311982   0.295272   0.276322   0.255311   0.232355   0.207578   0.181115   0.153108   0.123716   0.093084   0.061277   0.028322   -0.005764   -0.040967   -0.077281   -0.114688   -0.152740   -0.190135   -0.225121   -0.255665   -0.280226   -0.298714   
0.314746   0.344515   0.362059   0.370638   0.372096   0.367674   0.358332   0.344908   0.328187   0.308846   0.287155   0.263226   0.237184   0.209156   0.179286   0.147729   0.114658   0.080185   0.044343   0.007155   -0.031366   -0.071212   -0.112380   -0.154741   -0.197287   -0.238254   -0.275401   -0.306542   -0.330622   -0.348784   
0.356040   0.380180   0.393430   0.398507   0.396914   0.389708   0.377755   0.361842   0.342752   0.320953   0.296586   0.269767   0.240617   0.209277   0.175898   0.140659   0.103723   0.065160   0.024997   -0.016749   -0.060068   -0.104953   -0.151391   -0.198921   -0.245943   -0.290207   -0.329007   -0.360303   -0.384054   -0.402707   
0.390716   0.409961   0.419797   0.422189   0.418291   0.408955   0.394935   0.377006   0.355846   0.331730   0.304766   0.275074   0.242786   0.208054   0.171050   0.131963   0.090932   0.048005   0.003205   -0.043453   -0.091957   -0.142299   -0.194398   -0.247231   -0.298655   -0.345853   -0.385858   -0.417116   -0.441033   -0.461533   
0.417215   0.433029   0.440728   0.441557   0.436282   0.425559   0.410070   0.390577   0.367605   0.341315   0.311827   0.279271   0.243797   0.205576   0.164799   0.121666   0.076286   0.028695   -0.021084   -0.073030   -0.127130   -0.183371   -0.241446   -0.299671   -0.355361   -0.405101   -0.445958   -0.477305   -0.502176   -0.526371   
0.433747   0.448401   0.455807   0.456503   0.450942   0.439645   0.423321   0.402699   0.378154   0.349835   0.317885   0.282459   0.243735   0.201905   0.157190   0.109786   0.059773   0.007192   -0.047926   -0.105560   -0.165690   -0.228278   -0.292575   -0.356248   -0.416006   -0.467930   -0.509422   -0.541287   -0.568175   -0.598002   
0.437534   0.454760   0.464449   0.466837   0.462251   0.451306   0.434815   0.413472   0.387599   0.357388   0.323026   0.284712   0.242652   0.197080   0.148239   0.096307   0.041360   -0.016553   -0.077394   -0.141136   -0.207748   -0.277101   -0.347825   -0.416966   -0.480548   -0.534375   -0.576493   -0.609544   -0.639811   -0.676985   
0.429013   0.450452   0.465858   0.472195   0.470137   0.460597   0.444628   0.422973   0.396018   0.364047   0.327318   0.286080   0.240593   0.191127   0.137943   0.081210   0.021011   -0.042597   -0.109566   -0.179853   -0.253416   -0.329906   -0.407241   -0.481831   -0.548984   -0.604509   -0.647486   -0.682612   -0.717907   -0.763816   
0.416023   0.438743   0.459132   0.472145   0.474422   0.467505   0.452784   0.431246   0.403467   0.369869   0.330807   0.286609   0.237587   0.184054   0.126293   0.064470   -0.001321   -0.071006   -0.144521   -0.221808   -0.302801   -0.386758   -0.470870   -0.550855   -0.621356   -0.678463   -0.722760   -0.761061   -0.803181   -0.858982   
0.401377   0.425188   0.447007   0.466126   0.474868   0.471918   0.459259   0.438311   0.409981   0.374892   0.333535   0.286326   0.233646   0.175862   0.113272   0.046051   -0.025686   -0.101846   -0.182344   -0.267104   -0.355997   -0.447725   -0.538758   -0.624053   -0.697742   -0.756446   -0.802709   -0.845454   -0.896198   -0.962956   
0.385015   0.410372   0.433524   0.455180   0.471149   0.473641   0.463989   0.444168   0.415583   0.379151   0.335530   0.285252   0.228784   0.166546   0.098857   0.025915   -0.052140   -0.135188   -0.223122   -0.315842   -0.413085   -0.512873   -0.610956   -0.701460   -0.778243   -0.838714   -0.887764   -0.936354   -0.997416   -1.076176   
0.366868   0.394221   0.419130   0.442334   0.463145   0.472462   0.466871   0.448794   0.420289   0.382665   0.336809   0.283399   0.222999   0.156088   0.083019   0.004018   -0.080740   -0.171107   -0.266947   -0.368126   -0.474143   -0.582274   -0.687514   -0.783140   -0.862979   -0.925550   -0.978391   -1.034333   -1.107242   -1.199042   
0.346847   0.376662   0.403713   0.428746   0.452177   0.468163   0.467752   0.452155   0.424096   0.385443   0.337384   0.280771   0.216283   0.144468   0.065721   -0.019690   -0.111554   -0.209684   -0.313909   -0.424057   -0.539254   -0.656001   -0.768489   -0.869182   -0.952090   -1.017260   -1.075070   -1.139951   -1.226062   -1.331921   
0.324860   0.357592   0.387190   0.414409   0.439838   0.460756   0.466498   0.454191   0.426993   0.387492   0.337259   0.277366   0.208623   0.131661   0.046927   -0.045262   -0.144646   -0.250996   -0.364102   -0.483725   -0.608496   -0.734125   -0.853939   -0.959690   -1.045755   -1.114174   -1.178263   -1.253719   -1.354249   -1.475168   
0.300831   0.336910   0.369469   0.399210   0.426703   0.451054   0.462989   0.454821   0.428966   0.388812   0.336438   0.273181   0.200006   0.117639   0.026595   -0.072750   -0.180082   -0.295124   -0.417617   -0.547218   -0.681951   -0.816723   -0.943933   -1.054780   -1.144180   -1.216642   -1.288400   -1.376087   -1.492163   -1.629140   
0.274686   0.314533   0.350453   0.383058   0.412932   0.440021   0.457197   0.453947   0.429990   0.389400   0.334918   0.268207   0.190413   0.102375   0.004685   -0.102208   -0.217929   -0.342146   -0.474546   -0.614620   -0.759705   -0.903870   -1.038551   -1.154577   -1.247595   -1.325022   -1.405880   -1.507461   -1.640156   -1.794196   
0.246368   0.290391   0.330055   0.365885   0.398447   0.428018   0.449389   0.451486   0.430032   0.389247   0.332695   0.262435   0.179825   0.085835   -0.018846   -0.133690   -0.258254   -0.392143   -0.534982   -0.686018   -0.841841   -0.995648   -1.137892   -1.259212   -1.356239   -1.439681   -1.531083   -1.648209   -1.798568   -1.970695   
0.215842   0.264416   0.308207   0.347620   0.383169   0.415186   0.440108   0.447391   0.429049   0.388343   0.329762   0.255850   0.168218   0.067988   -0.044041   -0.167252   -0.301127   -0.445196   -0.599016   -0.761497   -0.928445   -1.092138   -1.242061   -1.368826   -1.470366   -1.560987   -1.664389   -1.798670   -1.967732   -2.158990   


#  Thrust coefficient

0.082071   0.080881   0.079651   0.078392   0.077115   0.075835   0.074573   0.073355   0.072212   0.071178   0.070292   0.069594   0.069120   0.068884   0.068878   0.069068   0.069395   0.069758   0.070025   0.070067   0.069785   0.069115   0.068033   0.066538   0.064656   0.062417   0.059858   0.057013   0.053908   0.050569   
0.092750   0.091361   0.089980   0.088636   0.087363   0.086204   0.085205   0.084419   0.083901   0.083701   0.083839   0.084294   0.085012   0.085897   0.086795   0.087501   0.087820   0.087614   0.086810   0.085391   0.083381   0.080826   0.077789   0.074329   0.070498   0.066335   0.061879   0.057170   0.052237   0.047095   
0.105244   0.103855   0.102593   0.101517   0.100692   0.100188   0.100080   0.100425   0.101224   0.102419   0.103907   0.105515   0.106983   0.108004   0.108332   0.107831   0.106460   0.104247   0.101256   0.097582   0.093320   0.088556   0.083350   0.077759   0.071833   0.065611   0.059126   0.052405   0.045475   0.038357   
0.120148   0.119115   0.118415   0.118136   0.118373   0.119207   0.120643   0.122593   0.124910   0.127357   0.129572   0.131131   0.131696   0.131105   0.129336   0.126446   0.122549   0.117782   0.112287   0.106174   0.099531   0.092428   0.084919   0.077054   0.068876   0.060426   0.051736   0.042836   0.033747   0.024492   
0.138184   0.137998   0.138428   0.139589   0.141539   0.144194   0.147373   0.150806   0.154061   0.156582   0.157863   0.157632   0.155844   0.152579   0.147991   0.142267   0.135602   0.128162   0.120065   0.111399   0.102231   0.092624   0.082634   0.072317   0.061719   0.050879   0.039828   0.028593   0.017202   0.005690   
0.160093   0.161333   0.163532   0.166703   0.170664   0.175130   0.179671   0.183636   0.186311   0.187155   0.185991   0.182886   0.178026   0.171648   0.164006   0.155344   0.145846   0.135627   0.124779   0.113378   0.101497   0.089205   0.076570   0.063648   0.050484   0.037109   0.023562   0.009880   -0.003895   -0.017632   
0.186564   0.189851   0.194309   0.199650   0.205476   0.211175   0.215888   0.218744   0.219167   0.217073   0.212647   0.206171   0.197961   0.188338   0.177593   0.165920   0.153445   0.140266   0.126473   0.112153   0.097390   0.082268   0.066854   0.051193   0.035330   0.019311   0.003179   -0.013025   -0.029123   -0.044658   
0.218202   0.223978   0.230768   0.238057   0.245054   0.250691   0.253923   0.254087   0.251186   0.245521   0.237469   0.227428   0.215784   0.202876   0.188927   0.174075   0.158434   0.142108   0.125197   0.107805   0.090035   0.071959   0.053638   0.035128   0.016477   -0.002272   -0.021071   -0.039735   -0.057734   -0.074310   
0.255316   0.263639   0.272542   0.281084   0.287977   0.291951   0.292178   0.288709   0.281966   0.272432   0.260589   0.246891   0.231747   0.215428   0.198093   0.179873   0.160884   0.141245   0.121079   0.100499   0.079604   0.058468   0.037147   0.015693   -0.005842   -0.027411   -0.048868   -0.069652   -0.088904   -0.105610   
0.297952   0.308662   0.319072   0.327665   0.332900   0.333667   0.329982   0.322402   0.311531   0.297948   0.282187   0.264746   0.245975   0.226066   0.205163   0.183398   0.160911   0.137831   0.114297   0.090434   0.066322   0.042021   0.017592   -0.006910   -0.031440   -0.055909   -0.079809   -0.102196   -0.121917   -0.137785   
0.346084   0.358665   0.369424   0.376503   0.378415   0.374977   0.366892   0.354911   0.339722   0.321961   0.302217   0.280957   0.258420   0.234763   0.210143   0.184707   0.158600   0.131986   0.105011   0.077769   0.050331   0.022758   -0.004893   -0.032575   -0.060233   -0.087519   -0.113459   -0.136785   -0.156074   -0.170089   
0.399418   0.412809   0.422359   0.426161   0.423587   0.415445   0.402672   0.386098   0.366475   0.344487   0.320737   0.295546   0.269102   0.241572   0.213115   0.183902   0.154104   0.123887   0.093375   0.062648   0.031770   0.000796   -0.030221   -0.061233   -0.092081   -0.121910   -0.149363   -0.172829   -0.190768   -0.201958   
0.457275   0.469938   0.476450   0.475545   0.467935   0.454805   0.437168   0.415910   0.391823   0.365625   0.337793   0.308558   0.278094   0.246583   0.214208   0.181149   0.147586   0.113681   0.079528   0.045193   0.010736   -0.023788   -0.058327   -0.092820   -0.126740   -0.158722   -0.187049   -0.209820   -0.225549   -0.233034   
0.518625   0.528661   0.530401   0.524080   0.511154   0.492887   0.470322   0.444376   0.415859   0.385440   0.353444   0.320063   0.285498   0.249940   0.213578   0.176601   0.139197   0.101496   0.063571   0.025484   -0.012703   -0.050938   -0.089168   -0.127205   -0.163944   -0.197612   -0.226082   -0.247380   -0.260121   -0.263092   
0.582102   0.587503   0.583415   0.571394   0.553043   0.529614   0.502156   0.471569   0.438681   0.403999   0.367763   0.330184   0.291461   0.251792   0.211373   0.170401   0.129051   0.087419   0.045575   0.003584   -0.038499   -0.080615   -0.122697   -0.164198   -0.203439   -0.238240   -0.266121   -0.285249   -0.294291   -0.292075   
0.646054   0.645276   0.634999   0.617224   0.593487   0.564983   0.532714   0.497598   0.460366   0.421390   0.380884   0.339062   0.296126   0.252277   0.207721   0.162652   0.117223   0.071515   0.025598   -0.020467   -0.066616   -0.112783   -0.158826   -0.203612   -0.244982   -0.280291   -0.306926   -0.323250   -0.327940   -0.320231   
0.708778   0.701190   0.684753   0.661379   0.632429   0.599009   0.562090   0.522561   0.481023   0.437743   0.392944   0.346832   0.299618   0.251510   0.202713   0.153425   0.103773   0.053833   0.003673   -0.046634   -0.097021   -0.147415   -0.197426   -0.245269   -0.288336   -0.323519   -0.348332   -0.361267   -0.361018   -0.347972   
0.768821   0.754559   0.732341   0.703709   0.669851   0.631758   0.590399   0.546591   0.500775   0.453194   0.404068   0.353612   0.302043   0.249573   0.196422   0.142779   0.088748   0.034407   -0.020164   -0.074889   -0.129691   -0.184469   -0.238368   -0.289003   -0.333282   -0.367761   -0.390230   -0.399239   -0.393614   -0.375714   
0.824527   0.804579   0.777353   0.744079   0.705738   0.663325   0.617777   0.569799   0.519743   0.467852   0.414357   0.359489   0.303471   0.246533   0.188904   0.130751   0.072175   0.013267   -0.045890   -0.105210   -0.164603   -0.223869   -0.281525   -0.334653   -0.379625   -0.412896   -0.432538   -0.437134   -0.425958   -0.403819   
0.875353   0.850210   0.819341   0.782307   0.740127   0.693820   0.644336   0.592292   0.538025   0.481807   0.423895   0.364531   0.303967   0.242444   0.180191   0.117370   0.054084   -0.009567   -0.073487   -0.137577   -0.201735   -0.265528   -0.326782   -0.382069   -0.427221   -0.458843   -0.475212   -0.474956   -0.458320   -0.432601   
0.923719   0.892472   0.857742   0.818238   0.773015   0.723324   0.670152   0.614144   0.555696   0.495131   0.432738   0.368799   0.303581   0.237340   0.170315   0.102662   0.034494   -0.034075   -0.102936   -0.171972   -0.241059   -0.309359   -0.374032   -0.431108   -0.475971   -0.505546   -0.518232   -0.512767   -0.490961   -0.462321   
0.971079   0.933749   0.893682   0.851608   0.804370   0.751848   0.695264   0.635412   0.572816   0.507876   0.440947   0.372339   0.302346   0.231253   0.159299   0.086645   0.013421   -0.060243   -0.134220   -0.208378   -0.282529   -0.355281   -0.423169   -0.481643   -0.525809   -0.552969   -0.561601   -0.550712   -0.524117   -0.493187   
1.018001   0.974736   0.929191   0.882845   0.834061   0.779343   0.719686   0.656136   0.589427   0.520097   0.448562   0.375184   0.300296   0.224205   0.147161   0.069335   -0.009120   -0.088056   -0.167325   -0.246777   -0.326090   -0.403216   -0.474098   -0.533572   -0.576689   -0.601096   -0.605342   -0.588967   -0.558001   -0.525365   
1.064867   1.015774   0.964801   0.913464   0.861989   0.805731   0.743401   0.676331   0.605572   0.531826   0.455614   0.377365   0.297453   0.216215   0.133914   0.050745   -0.033117   -0.117502   -0.202239   -0.287154   -0.371686   -0.453093   -0.526729   -0.586823   -0.628581   -0.649921   -0.649497   -0.627703   -0.592793   -0.558976   
1.111950   1.057091   1.000680   0.944254   0.888740   0.830905   0.766355   0.696013   0.621269   0.543088   0.462131   0.378904   0.293835   0.207294   0.119571   0.030884   -0.058562   -0.148571   -0.238948   -0.329484   -0.419262   -0.504843   -0.580975   -0.641345   -0.681459   -0.699448   -0.694125   -0.667074   -0.628642   -0.594075   
1.159415   1.098824   1.036941   0.975365   0.915157   0.854829   0.788504   0.715171   0.636534   0.553908   0.468134   0.379819   0.289454   0.197455   0.104140   0.009762   -0.085445   -0.181253   -0.277438   -0.373739   -0.468764   -0.558399   -0.636760   -0.697099   -0.735310   -0.749701   -0.739322   -0.707225   -0.665679   -0.630694   
1.207381   1.141044   1.073660   1.006844   0.941680   0.877878   0.809784   0.733780   0.651378   0.564304   0.473642   0.380126   0.284324   0.186707   0.087630   -0.012616   -0.113758   -0.215538   -0.317697   -0.419883   -0.520144   -0.613703   -0.694019   -0.754061   -0.790133   -0.800713   -0.785191   -0.748287   -0.704012   -0.668856   
1.255908   1.183805   1.110875   1.038724   0.968518   0.900562   0.830164   0.751806   0.665805   0.574289   0.478668   0.379835   0.278454   0.175057   0.070047   -0.036240   -0.143492   -0.251414   -0.359709   -0.467881   -0.573356   -0.670700   -0.752701   -0.812212   -0.845933   -0.852520   -0.831836   -0.790375   -0.743737   -0.708587   
1.305034   1.227148   1.148604   1.071051   0.995697   0.923128   0.849757   0.769214   0.679811   0.583872   0.483224   0.378958   0.271852   0.162512   0.051399   -0.061103   -0.174640   -0.288871   -0.403460   -0.517699   -0.628356   -0.729338   -0.812770   -0.871541   -0.902722   -0.905166   -0.879353   -0.833592   -0.784934   -0.749905   
1.354766   1.271081   1.186876   1.103841   1.023226   0.945719   0.868838   0.785979   0.693386   0.593060   0.487319   0.377500   0.264523   0.149079   0.031691   -0.087200   -0.207192   -0.327898   -0.448935   -0.569305   -0.685105   -0.789574   -0.874201   -0.932042   -0.960518   -0.958694   -0.927833   -0.878027   -0.827663   -0.792826   


# Torque coefficient

-0.001227   -0.000165   0.000913   0.002006   0.003111   0.004229   0.005365   0.006524   0.007716   0.008953   0.010249   0.011622   0.013093   0.014680   0.016377   0.018134   0.019865   0.021480   0.022905   0.024090   0.024997   0.025611   0.025927   0.025955   0.025715   0.025231   0.024526   0.023622   0.022539   0.021294   
-0.001092   0.000350   0.001805   0.003278   0.004777   0.006312   0.007897   0.009549   0.011290   0.013146   0.015144   0.017282   0.019488   0.021632   0.023589   0.025275   0.026634   0.027635   0.028264   0.028530   0.028451   0.028061   0.027395   0.026487   0.025363   0.024048   0.022562   0.020922   0.019142   0.017237   
-0.000278   0.001593   0.003495   0.005442   0.007451   0.009543   0.011749   0.014104   0.016640   0.019327   0.022021   0.024531   0.026718   0.028513   0.029869   0.030771   0.031224   0.031253   0.030902   0.030214   0.029240   0.028016   0.026574   0.024938   0.023128   0.021162   0.019057   0.016825   0.014479   0.012027   
0.001183   0.003570   0.006023   0.008567   0.011237   0.014078   0.017135   0.020382   0.023632   0.026617   0.029170   0.031220   0.032727   0.033683   0.034108   0.034045   0.033549   0.032682   0.031500   0.030053   0.028373   0.026486   0.024416   0.022180   0.019798   0.017283   0.014650   0.011909   0.009066   0.006129   
0.003310   0.006315   0.009444   0.012746   0.016282   0.020078   0.023979   0.027630   0.030762   0.033285   0.035156   0.036367   0.036949   0.036958   0.036463   0.035536   0.034251   0.032667   0.030826   0.028758   0.026488   0.024036   0.021423   0.018666   0.015783   0.012785   0.009679   0.006473   0.003172   -0.000217   
0.006124   0.009874   0.013845   0.018111   0.022651   0.027148   0.031138   0.034411   0.036915   0.038633   0.039598   0.039880   0.039559   0.038719   0.037448   0.035825   0.033906   0.031732   0.029330   0.026722   0.023932   0.020979   0.017885   0.014664   0.011327   0.007881   0.004333   0.000689   -0.003044   -0.006838   
0.009666   0.014326   0.019335   0.024627   0.029730   0.034101   0.037572   0.040112   0.041746   0.042550   0.042620   0.042056   0.040955   0.039414   0.037516   0.035322   0.032865   0.030174   0.027270   0.024179   0.020921   0.017519   0.013987   0.010336   0.006571   0.002701   -0.001269   -0.005335   -0.009460   -0.013540   
0.014003   0.019757   0.025828   0.031614   0.036473   0.040238   0.042904   0.044551   0.045290   0.045241   0.044520   0.043236   0.041491   0.039380   0.036962   0.034271   0.031334   0.028176   0.024819   0.021288   0.017606   0.013789   0.009845   0.005783   0.001608   -0.002674   -0.007059   -0.011514   -0.015927   -0.020131   
0.019202   0.026090   0.032686   0.038195   0.042393   0.045309   0.047082   0.047860   0.047787   0.046993   0.045598   0.043714   0.041443   0.038851   0.035972   0.032834   0.029460   0.025875   0.022104   0.018171   0.014092   0.009879   0.005539   0.001077   -0.003502   -0.008195   -0.012979   -0.017745   -0.022318   -0.026482   
0.025260   0.032812   0.039180   0.043997   0.047316   0.049340   0.050266   0.050263   0.049480   0.048048   0.046087   0.043708   0.040990   0.037970   0.034675   0.031128   0.027354   0.023377   0.019222   0.014910   0.010452   0.005854   0.001123   -0.003739   -0.008727   -0.013833   -0.018966   -0.023949   -0.028552   -0.032536   
0.031804   0.039266   0.044927   0.048823   0.051232   0.052416   0.052583   0.051901   0.050512   0.048546   0.046121   0.043333   0.040225   0.036823   0.033151   0.029231   0.025087   0.020745   0.016228   0.011551   0.006720   0.001740   -0.003386   -0.008655   -0.014065   -0.019560   -0.024974   -0.030070   -0.034576   -0.038263   
0.038228   0.045014   0.049701   0.052644   0.054207   0.054649   0.054164   0.052909   0.051018   0.048618   0.045821   0.042683   0.039230   0.035484   0.031467   0.027201   0.022712   0.018026   0.013160   0.008123   0.002918   -0.002450   -0.007981   -0.013672   -0.019505   -0.025344   -0.030959   -0.036059   -0.040361   -0.043700   
0.044024   0.049778   0.053438   0.055509   0.056337   0.056153   0.055129   0.053407   0.051116   0.048379   0.045274   0.041831   0.038070   0.034010   0.029675   0.025086   0.020270   0.015251   0.010040   0.004640   -0.000944   -0.006712   -0.012662   -0.018791   -0.025025   -0.031152   -0.036885   -0.041889   -0.045913   -0.048942   
0.048826   0.053444   0.056166   0.057497   0.057723   0.057037   0.055588   0.053505   0.050911   0.047911   0.044546   0.040834   0.036794   0.032446   0.027812   0.022917   0.017787   0.012439   0.006879   0.001110   -0.004866   -0.011047   -0.017433   -0.024005   -0.030605   -0.036960   -0.042723   -0.047553   -0.051289   -0.054106   
0.052442   0.055998   0.057950   0.058698   0.058463   0.057402   0.055641   0.053297   0.050485   0.047274   0.043685   0.039735   0.035441   0.030825   0.025909   0.020718   0.015278   0.009598   0.003682   -0.002467   -0.008848   -0.015459   -0.022299   -0.029300   -0.036226   -0.042746   -0.048461   -0.053070   -0.056569   -0.059316   
0.054783   0.057482   0.058861   0.059196   0.058650   0.057341   0.055375   0.052861   0.049894   0.046513   0.042732   0.038569   0.034042   0.029172   0.023983   0.018503   0.012750   0.006731   0.000449   -0.006093   -0.012894   -0.019952   -0.027257   -0.034665   -0.041875   -0.048493   -0.054102   -0.058485   -0.061838   -0.064713   
0.055815   0.057931   0.058961   0.059072   0.058366   0.056932   0.054859   0.052252   0.049178   0.045661   0.041716   0.037361   0.032615   0.027502   0.022047   0.016277   0.010206   0.003839   -0.002821   -0.009770   -0.017007   -0.024532   -0.032301   -0.040090   -0.047540   -0.054195   -0.059661   -0.063854   -0.067181   -0.070418   
0.055482   0.057356   0.058304   0.058393   0.057681   0.056236   0.054148   0.051511   0.048371   0.044748   0.040662   0.036130   0.031177   0.025826   0.020107   0.014043   0.007646   0.000920   -0.006130   -0.013502   -0.021194   -0.029200   -0.037424   -0.045569   -0.053213   -0.059854   -0.065162   -0.069238   -0.072677   -0.076492   
0.053615   0.055726   0.056913   0.057206   0.056644   0.055302   0.053282   0.050666   0.047496   0.043794   0.039583   0.034888   0.029734   0.024150   0.018165   0.011801   0.005068   -0.002028   -0.009484   -0.017295   -0.025457   -0.033956   -0.042622   -0.051094   -0.058886   -0.065482   -0.070643   -0.074693   -0.078402   -0.082957   
0.050451   0.052972   0.054784   0.055529   0.055287   0.054165   0.052287   0.049741   0.046571   0.042811   0.038492   0.033642   0.028293   0.022476   0.016222   0.009550   0.002471   -0.005009   -0.012885   -0.021150   -0.029801   -0.038796   -0.047891   -0.056662   -0.064559   -0.071089   -0.076143   -0.080274   -0.084424   -0.089823   
0.047027   0.049595   0.051900   0.053371   0.053628   0.052847   0.051182   0.048748   0.045608   0.041810   0.037394   0.032398   0.026857   0.020805   0.014276   0.007288   -0.000149   -0.008026   -0.016337   -0.025073   -0.034229   -0.043719   -0.053227   -0.062268   -0.070238   -0.076693   -0.081700   -0.086030   -0.090791   -0.097099   
0.043679   0.046270   0.048644   0.050725   0.051676   0.051355   0.049977   0.047698   0.044615   0.040796   0.036296   0.031158   0.025426   0.019138   0.012326   0.005011   -0.002795   -0.011083   -0.019843   -0.029067   -0.038740   -0.048722   -0.058629   -0.067910   -0.075929   -0.082318   -0.087352   -0.092004   -0.097526   -0.104790   
0.040391   0.043051   0.045480   0.047752   0.049427   0.049688   0.048676   0.046596   0.043598   0.039776   0.035200   0.029925   0.024001   0.017472   0.010371   0.002719   -0.005470   -0.014182   -0.023407   -0.033134   -0.043336   -0.053804   -0.064094   -0.073588   -0.081643   -0.087987   -0.093133   -0.098230   -0.104636   -0.112899   
0.037151   0.039921   0.042443   0.044793   0.046900   0.047844   0.047277   0.045447   0.042560   0.038750   0.034107   0.028698   0.022582   0.015806   0.008407   0.000407   -0.008176   -0.017327   -0.027032   -0.037278   -0.048014   -0.058964   -0.069621   -0.079304   -0.087389   -0.093725   -0.099076   -0.104741   -0.112124   -0.121420   
0.033945   0.036863   0.039510   0.041960   0.044253   0.045817   0.045777   0.044251   0.041505   0.037722   0.033019   0.027478   0.021167   0.014139   0.006432   -0.001927   -0.010917   -0.020521   -0.030721   -0.041501   -0.052775   -0.064200   -0.075209   -0.085064   -0.093178   -0.099556   -0.105213   -0.111563   -0.119990   -0.130350   
0.030761   0.033860   0.036663   0.039240   0.041648   0.043629   0.044172   0.043007   0.040431   0.036691   0.031935   0.026263   0.019754   0.012467   0.004443   -0.004286   -0.013696   -0.023767   -0.034476   -0.045803   -0.057618   -0.069514   -0.080859   -0.090872   -0.099021   -0.105500   -0.111568   -0.118713   -0.128232   -0.139682   
0.027590   0.030898   0.033884   0.036612   0.039134   0.041367   0.042461   0.041712   0.039341   0.035658   0.030855   0.025054   0.018343   0.010789   0.002439   -0.006672   -0.016516   -0.027066   -0.038300   -0.050186   -0.062543   -0.074903   -0.086569   -0.096735   -0.104934   -0.111580   -0.118161   -0.126203   -0.136848   -0.149411   
0.024424   0.027967   0.031161   0.034060   0.036716   0.039125   0.040652   0.040363   0.038233   0.034624   0.029779   0.023848   0.016931   0.009103   0.000417   -0.009088   -0.019377   -0.030422   -0.042194   -0.054649   -0.067549   -0.080368   -0.092343   -0.102659   -0.110930   -0.117815   -0.125004   -0.134036   -0.145835   -0.159531   
0.021258   0.025056   0.028479   0.031570   0.034380   0.036931   0.038775   0.038956   0.037105   0.033586   0.028706   0.022644   0.015516   0.007406   -0.001626   -0.011535   -0.022283   -0.033836   -0.046161   -0.059193   -0.072638   -0.085909   -0.098183   -0.108651   -0.117023   -0.124222   -0.132109   -0.142215   -0.155189   -0.170041   
0.018089   0.022159   0.025829   0.029132   0.032112   0.034795   0.036883   0.037494   0.035956   0.032545   0.027636   0.021442   0.014098   0.005698   -0.003691   -0.014017   -0.025236   -0.037310   -0.050201   -0.063817   -0.077808   -0.091527   -0.104091   -0.114715   -0.123224   -0.130819   -0.139484   -0.150738   -0.164906   -0.180934   

